-29555.10
-29555.10
-29555.10
-29559.60
-29669.40
-29914.20
-30259.80
-30663.00
-31098.60
-31550.40
-32014.80
-32481.00
-32954.40
-33433.20
-33915.60
-34396.20
-34880.40
-35362.80
-35845.20
-36325.80
-36801.00
-37267.20
-37729.80
-38187.00
-38637.00
-39081.60
-39519.00
-39952.80
-40379.40
-40802.40
-41214.60
-41625.00
-42028.20
-42427.80
-42822.00
-43210.80
-43592.40
-43970.40
-44341.20
-44708.40
-45070.20
-45426.60
-45775.80
-46121.40
-46461.60
-46796.40
-47125.80
-47449.80
-47768.40
-48081.60
-48391.20
-48695.40
-48992.40
-49285.80
-49574.70
-49858.20
-50136.30
-50409.00
-50679.00
-50941.80
-51201.00
-51454.80
-51703.20
-51947.10
-52185.60
-52421.40
-52650.00
-52875.00
-53096.40
-53311.50
-53523.00
-53728.20
-53929.80
-54127.80
-54319.50
-54507.60
-54691.20
-54869.40
-55044.00
-55213.20
-55378.80
-55539.00
-55695.60
-55848.60
-55996.20
-56138.40
-56277.90
-56412.00
-56543.40
-56669.40
-56791.80
-56908.80
-57022.20
-57132.00
-57236.40
-57338.10
-57435.30
-57528.00
-57618.00
-57702.60
-57783.60
-57861.00
-57933.90
-58003.20
-58069.80
-58131.00
-58189.50
-58244.40
-58294.80
-58343.40
-58386.60
-58426.20
-58464.00
-58496.40
-58526.10
-58552.20
-58572.90
-58591.80
-58608.00
-58622.40
-58631.40
-58638.60
-58645.80
-58651.20
-58653.00
-58652.10
-58651.20
-58651.20
-58651.20
-58651.20
-58651.20
-58651.20
