266618.68
266618.68
266618.68
266633.09
266753.68
266996.68
267338.68
267740.09
268173.90
268623.90
269090.09
269558.09
270036.90
270515.68
270996.28
271478.68
271955.68
272434.50
272916.90
273395.68
273867.28
274329.90
274790.68
275246.09
275694.28
276138.90
276576.28
277008.28
277434.90
277856.09
278270.09
278680.50
279083.68
279483.28
279875.68
280264.50
280646.09
281024.09
281394.90
281762.09
282122.09
282478.50
282827.68
283173.28
283513.50
283848.28
284177.68
284501.68
284822.09
285135.28
285444.90
285749.09
286047.90
286341.28
286629.28
286913.68
287192.68
287466.28
287736.28
288000.00
288260.09
288513.90
288764.09
289008.90
289248.28
289484.09
289714.50
289941.28
290162.68
290378.68
290591.09
290798.09
290999.68
291197.68
291392.09
291581.09
291764.68
291944.68
292121.09
292291.18
292457.68
292619.68
292776.28
292931.09
293078.68
293222.68
293363.09
293499.00
293630.40
293757.28
293879.68
293998.50
294113.68
294223.50
294329.68
294432.28
294529.50
294623.09
294713.09
294799.50
294880.50
294957.90
295032.59
295102.78
295168.50
295231.50
295290.00
295344.90
295397.09
295443.90
295488.90
295528.50
295566.28
295599.59
295629.28
295654.50
295676.09
295695.90
295712.09
295726.50
295737.28
295746.28
295749.90
295749.00
295747.18
295744.50
295742.68
295740.90
295740.90
295740.90
295740.90
295740.90
295740.90
