207485.09
207485.09
207485.09
207503.09
207609.29
207807.29
208094.39
208460.68
208874.68
209312.09
209767.50
210235.50
210705.29
211184.09
211662.89
212145.29
212620.50
213102.89
213585.29
214067.68
214539.29
215009.09
215473.50
215930.68
216380.68
216827.09
217266.29
217703.68
218133.89
218558.68
218978.09
219388.50
219797.09
220196.68
220594.50
220985.09
221372.09
221753.68
222128.09
222495.29
222860.68
223220.68
223575.29
223924.50
224268.29
224606.68
224936.09
225265.50
225587.68
225906.29
226219.50
226527.29
226829.68
227126.68
227419.18
227706.29
227988.89
228266.09
228539.68
228806.09
229068.89
229328.09
229580.09
229828.50
230071.50
230310.89
230544.00
230773.50
230996.68
231216.29
231430.50
231641.09
231846.29
232047.89
232244.09
232434.89
232622.09
232803.89
232982.09
233154.89
233323.18
233487.89
233646.29
233801.09
233952.29
234098.09
234240.29
234378.00
234510.29
234639.89
234764.09
234884.68
234999.89
235111.50
235218.59
235322.09
235421.09
235515.59
235606.50
235692.89
235775.68
235853.09
235928.68
235998.89
236065.50
236128.50
236187.89
236243.68
236294.09
236342.68
236387.68
236428.18
236465.09
236497.50
236528.09
236555.09
236578.50
236598.29
236612.68
236623.50
236632.50
236636.09
236634.29
236631.59
236630.68
236630.68
236630.68
236630.68
236630.68
236630.68
