236630.68
236630.68
236630.68
236695.50
236861.09
237125.68
237478.50
237885.29
238322.68
238778.09
239244.29
239717.68
240194.68
240669.89
241150.50
241632.89
242117.09
242601.29
243083.68
243564.29
244044.89
244520.09
244988.09
245450.68
245907.89
246354.29
246800.68
247241.68
247675.50
248103.89
248526.89
248944.50
249354.89
249761.68
250163.09
250553.68
250944.29
251329.50
251707.50
252081.89
252450.89
252814.50
253170.89
253523.68
253871.09
254213.09
254549.68
254879.09
255204.89
255527.09
255843.89
256153.50
256461.29
256761.89
257057.09
257348.68
257634.89
257915.68
258191.09
258462.89
258729.29
258990.29
259247.68
259499.68
259746.29
259989.29
260226.89
260459.09
260687.68
260910.89
261129.59
261343.79
261553.50
261758.68
261958.50
262152.90
262345.50
262530.90
262712.68
262890.90
263063.68
263232.00
263396.68
263555.09
263709.90
263861.09
264008.68
264150.90
264287.68
264420.90
264550.50
264676.50
264797.09
264913.18
265025.68
265133.68
265238.09
265338.00
265434.28
265526.09
265614.28
265698.00
265778.09
265853.68
265926.59
265994.09
266059.78
266120.09
266177.68
266231.68
266282.09
266328.00
266370.28
266409.90
266445.90
266478.28
266505.28
266530.50
266552.09
266571.90
266588.09
266601.59
266612.40
266618.68
266619.59
266618.68
266618.68
266618.68
266618.68
266618.68
266618.68
