-119280.60
-119280.60
-119280.60
-119304.00
-119484.00
-119813.40
-120232.80
-120699.00
-121186.80
-121694.40
-122209.20
-122729.40
-123253.20
-123773.40
-124300.80
-124826.40
-125353.80
-125881.20
-126403.20
-126918.00
-127425.60
-127922.40
-128415.60
-128903.40
-129382.20
-129855.60
-130323.60
-130782.60
-131236.20
-131682.59
-132123.59
-132555.59
-132984.00
-133403.39
-133817.39
-134226.00
-134627.39
-135021.59
-135410.39
-135793.79
-136170.00
-136539.00
-136902.59
-137260.79
-137611.79
-137957.39
-138296.70
-138630.59
-138956.39
-139278.59
-139593.59
-139901.39
-140205.59
-140502.59
-140794.20
-141080.39
-141359.39
-141634.79
-141903.00
-142165.79
-142421.39
-142673.39
-142919.09
-143159.39
-143393.39
-143622.00
-143845.20
-144063.89
-144276.29
-144483.29
-144684.00
-144880.20
-145071.00
-145256.39
-145436.39
-145611.89
-145782.00
-145945.79
-146104.20
-146259.00
-146407.50
-146550.59
-146689.20
-146822.39
-146951.09
-147074.39
-147193.20
-147306.59
-147414.59
-147518.09
-147617.09
-147710.70
-147799.79
-147884.39
-147964.50
-148039.20
-148111.20
-148176.00
-148239.00
-148296.59
-148348.79
-148397.39
-148442.39
-148482.00
-148518.00
-148548.59
-148576.50
-148600.79
-148622.39
-148638.59
-148650.29
-148653.00
-148649.39
-148645.79
-148642.20
-148642.20
-148642.20
-148642.20
-148642.20
-148642.20
