-148642.20
-148642.20
-148642.20
-148665.59
-148847.39
-149178.59
-149598.00
-150066.00
-150557.39
-151065.00
-151572.59
-152092.79
-152616.59
-153142.20
-153664.20
-154191.59
-154719.00
-155246.39
-155773.79
-156301.20
-156825.00
-157354.20
-157881.59
-158407.20
-158934.59
-159462.00
-159987.59
-160511.39
-161040.59
-161568.00
-162097.20
-162624.59
-163148.39
-163677.59
-164205.00
-164734.20
-165261.59
-165790.79
-166320.00
-166847.39
-167374.79
-167904.00
-168429.59
-168957.00
-169482.59
-170010.00
-170539.20
-171059.39
-171574.20
-172083.59
-172587.59
-173084.39
-173575.79
-174054.59
-174531.59
-175003.20
-175465.79
-175923.00
-176373.00
-176817.59
-177255.00
-177685.18
-178110.00
-178529.39
-178939.79
-179346.59
-179746.18
-180138.59
-180525.59
-180905.39
-181279.79
-181648.79
-182010.59
-182367.00
-182716.18
-183060.00
-183398.39
-183731.39
-184057.18
-184375.79
-184690.79
-184998.59
-185301.00
-185598.00
-185887.79
-186174.00
-186453.00
-186726.59
-186993.00
-187255.79
-187513.18
-187763.39
-188008.18
-188249.39
-188483.39
-188712.00
-188935.18
-189153.00
-189365.39
-189572.39
-189774.00
-189970.18
-190161.00
-190346.39
-190526.39
-190701.89
-190872.00
-191035.79
-191196.00
-191350.79
-191500.18
-191644.18
-191782.79
-191916.89
-192045.59
-192169.79
-192288.59
-192402.89
-192511.79
-192616.18
-192717.00
-192810.59
-192901.50
-192987.00
-193068.00
-193143.59
-193215.59
-193283.09
-193345.18
-193404.59
-193458.59
-193507.18
-193554.00
-193595.39
-193633.18
-193665.59
-193693.50
-193719.59
-193741.18
-193758.29
-193770.00
-193779.00
-193782.59
-193780.79
-193779.00
-193778.09
-193778.09
-193778.09
-193778.09
-193778.09
-193778.09
