-435013.18
-435013.18
-435013.18
-435049.18
-435250.78
-435594.59
-436021.18
-436492.78
-436987.78
-437491.78
-438008.37
-438530.37
-439054.18
-439578.00
-440101.78
-440629.18
-441156.59
-441684.00
-442211.37
-442738.78
-443268.00
-443795.37
-444322.78
-444841.18
-445354.18
-445856.37
-446355.00
-446848.18
-447334.18
-447813.00
-448282.78
-448747.18
-449208.00
-449659.78
-450106.18
-450545.37
-450979.18
-451405.78
-451825.18
-452241.00
-452647.78
-453049.18
-453445.18
-453834.00
-454217.37
-454593.59
-454964.37
-455329.78
-455688.00
-456039.00
-456386.37
-456726.59
-457059.59
-457389.00
-457711.18
-458028.00
-458337.59
-458642.68
-458942.37
-459235.78
-459522.00
-459804.59
-460080.00
-460350.00
-460614.59
-460873.78
-461127.59
-461375.09
-461617.18
-461853.87
-462085.18
-462310.18
-462531.59
-462745.78
-462955.50
-463159.78
-463357.78
-463552.18
-463739.37
-463923.00
-464101.18
-464273.09
-464439.59
-464601.59
-464759.09
-464911.18
-465057.87
-465199.18
-465336.00
-465467.37
-465594.28
-465715.78
-465832.78
-465944.37
-466051.50
-466153.18
-466250.37
-466344.00
-466432.18
-466515.87
-466594.18
-466668.87
-466739.09
-466804.78
-466866.00
-466922.68
-466974.00
-467022.59
-467067.59
-467107.18
-467143.18
-467173.78
-467200.78
-467224.18
-467245.78
-467260.18
-467271.00
-467276.37
-467275.50
-467272.78
-467270.09
-467270.09
-467270.09
-467270.09
-467270.09
-467270.09
