177655.50
177655.50
177655.50
177657.29
177718.50
177864.29
178094.68
178407.89
178791.29
179210.68
179657.09
180117.89
180587.68
181062.89
181541.68
182018.68
182501.09
182979.89
183460.50
183942.89
184427.09
184907.68
185382.89
185852.68
186315.29
186772.50
187224.29
187667.09
188104.50
188540.09
188968.50
189391.50
189809.09
190221.29
190628.09
191029.50
191425.50
191814.29
192199.50
192579.29
192953.68
193322.68
193686.29
194044.50
194397.29
194744.68
195086.68
195423.29
195756.29
196082.09
196404.29
196721.09
197032.50
197338.50
197639.09
197936.09
198227.68
198513.89
198794.68
199070.09
199341.89
199608.29
199871.09
200126.68
200378.68
200627.09
200868.29
201105.89
201339.89
201567.59
201790.79
202009.50
202223.68
202434.29
202637.68
202839.29
203035.50
203226.29
203411.68
203594.39
203771.68
203944.50
204113.68
204277.50
204437.68
204594.29
204744.59
204891.29
205033.50
205172.09
205305.29
205434.89
205560.00
205681.50
205796.68
205910.09
206018.09
206122.50
206222.39
206318.68
206410.50
206498.68
206581.50
206662.50
206738.09
206810.09
206878.50
206943.29
207003.59
207060.29
207114.29
207162.89
207209.68
207251.09
207290.68
207326.68
207357.29
207386.09
207409.50
207432.00
207450.89
207465.29
207476.09
207483.29
207486.89
207486.89
207485.09
207485.09
207485.09
207485.09
207485.09
