1.80
1.80
2.70
4.50
5.40
6.30
8.10
9.90
10.80
12.60
14.40
17.10
18.90
37.80
64.80
99.90
142.20
199.80
267.30
343.80
430.20
525.60
630.90
745.20
868.50
1001.70
1161.90
1333.80
1517.40
1711.80
1918.80
2136.60
2365.20
2606.40
2858.40
3122.10
3395.70
3677.40
3954.60
4228.20
4498.20
4764.60
5027.40
5286.60
5542.20
5794.20
6042.60
6286.50
6528.60
6766.20
7000.20
7230.60
7457.40
7681.50
7902.00
8118.00
8331.30
8541.90
8748.00
8951.40
9151.20
9347.40
9540.90
9730.80
9917.10
10100.70
10299.60
10495.80
10687.50
10875.60
11059.20
11238.30
11414.70
11586.60
11754.00
11917.80
12078.00
12234.60
12387.60
12536.10
12681.00
12822.30
12959.10
13093.20
13222.80
13348.80
13471.20
13590.90
13706.10
13817.70
13924.80
14030.10
14130.90
14228.10
14321.70
14412.60
14499.00
14582.70
14662.80
14739.30
14813.10
14882.40
14949.00
15012.00
15073.20
15129.90
15183.90
15234.30
15282.00
15325.20
15366.60
15405.30
15441.30
15473.70
15502.50
15528.60
15551.10
15572.70
15590.70
15605.10
15615.90
15624.00
15629.40
15629.40
15627.60
15625.80
15624.90
15624.90
15624.90
15624.90
15624.90
15624.90
15624.90
15624.90
15624.90
15624.90
15624.90
15624.90
15624.90
15624.90
15624.90
15624.90
15624.90
15624.90
15624.90
15624.90
15624.90
15624.90
15624.90
15624.90
15624.90
15624.90
15624.90
15624.90
15624.90
15624.90
15624.90
15624.90
15624.90
15624.90
15624.90
15624.90
15624.90
15624.90
15624.90
15624.90
15624.90
15624.90
15624.90
15624.90
15624.90
15624.90
15624.90
15624.90
15624.90
15624.90
15624.90
15624.90
15624.90
15624.90
15624.90
15624.90
15624.90
15624.90
15624.90
15624.90
15624.90
15624.90
15624.90
15624.90
15624.90
15624.90
15624.90
15624.90
15624.90
15624.90
15624.90
15624.90
15624.90
15624.90
15624.90
15624.90
15624.90
15624.90
15624.90
15624.90
15624.90
15624.90
15624.90
15624.90
15624.90
15624.90
15624.90
15624.90
15624.90
15624.90
15624.90
15624.90
15624.90
15625.80
15635.70
15660.00
15700.50
15755.40
15826.50
15912.00
16012.80
16128.00
16257.60
16402.50
16560.90
16734.60
16921.80
17123.40
17339.40
17568.90
17812.80
18072.00
18343.80
18630.00
18929.70
19243.80
19571.40
19907.10
20239.20
20565.90
20888.10
21205.80
21519.00
21826.80
22131.00
22429.80
22725.00
23015.70
23301.90
23583.60
23860.80
24133.50
24402.60
24666.30
24926.40
25182.00
25433.10
25680.60
25923.60
26162.10
26396.10
26626.50
26852.40
27074.70
27292.50
27506.70
27716.40
27921.60
28123.20
28321.20
28514.70
28703.70
28890.00
29070.90
29249.10
29422.80
29592.90
29758.50
29920.50
30078.90
30233.70
30384.00
30530.70
30673.80
30813.30
30949.20
31080.60
31208.40
31333.50
31454.10
31571.10
31684.50
31794.30
31900.50
32003.10
32102.10
32198.40
32290.20
32378.40
32463.90
32545.80
32624.10
32699.70
32770.80
32839.20
32904.90
32966.10
33024.60
33081.30
33133.50
33182.10
33228.90
33272.10
33311.70
33347.70
33381.90
33413.40
33442.20
33467.40
33489.00
33507.90
33524.10
33535.80
33545.70
33554.70
33561.90
33564.60
33564.60
33564.60
33564.60
33564.60
33564.60
33564.60
33564.60
33564.60
33564.60
33564.60
33564.60
33564.60
33564.60
33564.60
33564.60
33564.60
33564.60
33564.60
33564.60
33564.60
33564.60
33564.60
33564.60
33564.60
33564.60
33564.60
33564.60
33564.60
33564.60
33564.60
33564.60
33564.60
33564.60
33564.60
33564.60
33564.60
33564.60
33564.60
33564.60
33564.60
33564.60
33564.60
33564.60
33564.60
33564.60
33564.60
33564.60
33564.60
33564.60
33564.60
33564.60
33564.60
33564.60
33564.60
33564.60
33564.60
33564.60
33564.60
33564.60
33564.60
33564.60
33564.60
33564.60
33564.60
33564.60
33564.60
33564.60
33564.60
33564.60
33564.60
33564.60
33564.60
33564.60
33564.60
33564.60
33564.60
33564.60
33564.60
33564.60
33564.60
33564.60
33564.60
33564.60
33564.60
33564.60
33564.60
33564.60
33564.60
33564.60
33564.60
33564.60
33564.60
33564.60
33564.60
33564.60
33564.60
33564.60
33564.60
33564.60
33564.60
33564.60
33564.60
33564.60
33564.60
33564.60
33564.60
33564.60
33564.60
33564.60
33564.60
33564.60
33564.60
33564.60
33564.60
33564.60
33564.60
33564.60
33564.60
33564.60
33564.60
33564.60
33564.60
33564.60
33564.60
33564.60
33564.60
33564.60
33564.60
33564.60
33564.60
33564.60
33564.60
33564.60
33564.60
33564.60
33564.60
33564.60
33564.60
33564.60
33564.60
33564.60
33564.60
33564.60
33564.60
33564.60
33564.60
33564.60
33564.60
33564.60
33564.60
33564.60
33564.60
33564.60
33564.60
33564.60
33564.60
33564.60
33564.60
33564.60
33564.60
33564.60
33564.60
33564.60
33564.60
33564.60
33564.60
33564.60
33564.60
33564.60
33564.60
33564.60
33564.60
33564.60
33564.60
33564.60
33564.60
33564.60
33564.60
33564.60
33564.60
33564.60
33564.60
33564.60
33564.60
33564.60
33564.60
33564.60
33564.60
33564.60
33564.60
33564.60
33564.60
33564.60
33564.60
33564.60
33564.60
33564.60
33564.60
33564.60
33564.60
33564.60
33564.60
33564.60
33564.60
33564.60
33564.60
33564.60
33564.60
33564.60
33564.60
33564.60
33564.60
33564.60
33564.60
33564.60
33564.60
33564.60
33564.60
33564.60
33564.60
33564.60
33564.60
33564.60
33564.60
33564.60
33564.60
33564.60
33564.60
33564.60
33564.60
33564.60
33564.60
33564.60
33564.60
33564.60
33564.60
33564.60
33564.60
33564.60
33564.60
33564.60
33564.60
33564.60
33564.60
33564.60
33564.60
33564.60
33564.60
33564.60
33564.60
33564.60
33564.60
33564.60
33564.60
33564.60
33564.60
33564.60
33564.60
33564.60
33564.60
33564.60
33564.60
33564.60
33564.60
33564.60
33564.60
33564.60
33564.60
33564.60
33564.60
33564.60
33564.60
33564.60
33564.60
33564.60
33564.60
33564.60
33564.60
33564.60
33564.60
33564.60
33564.60
33564.60
33564.60
33564.60
33564.60
33564.60
33564.60
33564.60
33564.60
33564.60
33564.60
33564.60
33564.60
33564.60
33564.60
33564.60
33564.60
33564.60
33564.60
33564.60
33564.60
33564.60
33564.60
33564.60
33564.60
33564.60
33564.60
33564.60
33564.60
33564.60
33564.60
33564.60
33564.60
33564.60
33564.60
33564.60
33564.60
33564.60
33564.60
33564.60
33564.60
33564.60
33564.60
33564.60
33564.60
33564.60
33564.60
33564.60
33564.60
33564.60
33564.60
33564.60
33564.60
33564.60
33564.60
33564.60
33564.60
33564.60
33564.60
33564.60
33564.60
33564.60
33564.60
33564.60
33564.60
33564.60
33564.60
33564.60
33564.60
33564.60
33564.60
33564.60
33564.60
33564.60
33564.60
33564.60
33564.60
33564.60
33564.60
33564.60
33564.60
33564.60
33564.60
33564.60
33564.60
33564.60
33564.60
33564.60
33564.60
33564.60
33564.60
33564.60
33564.60
33564.60
33564.60
33564.60
33564.60
33564.60
33564.60
33564.60
33564.60
33564.60
33564.60
33564.60
33564.60
33564.60
33564.60
33564.60
33564.60
33564.60
33564.60
33564.60
33564.60
33564.60
33564.60
33564.60
33564.60
33568.20
33590.70
33632.10
33692.40
33772.50
33871.50
33989.40
34126.20
34281.00
34454.70
34646.40
34857.00
35084.70
35332.20
35596.80
35879.40
36180.00
36499.50
36836.10
37190.70
37562.40
37952.10
38359.80
38784.60
39223.80
39664.80
40100.40
40530.60
40957.20
41377.50
41793.30
42203.70
42608.70
43009.20
43405.20
43795.80
44181.90
44563.50
44939.70
45311.40
45677.70
46039.50
46396.80
46748.70
47096.10
47439.00
47777.40
48111.30
48440.70
48764.70
49085.10
49401.00
49711.50
50017.50
50319.90
50616.90
50910.30
51198.30
51482.70
51762.60
52038.00
52308.90
52575.30
52837.20
53095.50
53349.30
53599.50
53844.30
54085.50
54322.20
54555.30
54783.90
55008.00
55228.50
55444.50
55656.90
55864.80
56069.10
56268.90
56465.10
56656.80
56844.90
57029.40
57209.40
57385.80
57557.70
57726.00
57890.70
58051.80
58208.40
58361.40
58510.80
58655.70
58797.90
58935.60
59069.70
59200.20
59327.10
59449.50
59569.20
59684.40
59796.90
59905.80
60010.20
60111.90
60210.00
60304.50
60395.40
60482.70
60566.40
60647.40
60724.80
60798.60
60868.80
60936.30
61000.20
61061.40
61119.00
61173.90
61225.20
61272.90
61318.80
61360.20
61398.90
61434.00
61468.20
61498.80
61526.70
61550.10
61570.80
61588.80
61604.10
61614.90
61623.90
61631.10
61638.30
61641.90
61641.00
61640.10
61639.20
61638.30
61638.30
61638.30
61638.30
61638.30
61638.30
61638.30
61638.30
61638.30
61638.30
61638.30
61638.30
61638.30
61638.30
61638.30
61638.30
61638.30
61638.30
61638.30
61638.30
61638.30
61638.30
61638.30
61638.30
61638.30
61638.30
61638.30
61638.30
61638.30
61638.30
61638.30
61638.30
61638.30
61638.30
61638.30
61638.30
61638.30
61638.30
61638.30
61638.30
61638.30
61638.30
61638.30
61638.30
61638.30
61638.30
61638.30
61638.30
61638.30
61638.30
61638.30
61638.30
61638.30
61638.30
61638.30
61638.30
61638.30
61638.30
61638.30
61638.30
61638.30
61638.30
61638.30
61638.30
61638.30
61638.30
61638.30
61638.30
61638.30
61638.30
61638.30
61638.30
61638.30
61638.30
61638.30
61638.30
61638.30
61638.30
61638.30
61638.30
61638.30
61638.30
61638.30
61638.30
61638.30
61638.30
61638.30
61638.30
61638.30
61638.30
61638.30
61638.30
61638.30
61638.30
61638.30
61638.30
61638.30
61638.30
61638.30
61638.30
61638.30
61638.30
61638.30
61638.30
61638.30
61638.30
61638.30
61638.30
61638.30
61638.30
61638.30
61638.30
61638.30
61638.30
61638.30
61638.30
61638.30
61638.30
61638.30
61638.30
61638.30
61638.30
61638.30
61638.30
61638.30
61638.30
61638.30
61638.30
61638.30
61638.30
61638.30
61638.30
61638.30
61638.30
61638.30
61638.30
61638.30
61638.30
61638.30
61638.30
61638.30
61638.30
61638.30
61638.30
61638.30
61638.30
61638.30
61638.30
61638.30
61638.30
61638.30
61638.30
61638.30
61638.30
61638.30
61638.30
61638.30
61638.30
61638.30
61638.30
61638.30
61638.30
61638.30
61638.30
61638.30
61638.30
61638.30
61638.30
61638.30
61638.30
61638.30
61638.30
61638.30
61638.30
61638.30
61638.30
61638.30
61638.30
61638.30
61638.30
61638.30
61638.30
61638.30
61638.30
61638.30
61638.30
61638.30
61638.30
61638.30
61638.30
61638.30
61638.30
61638.30
61638.30
61638.30
61638.30
61638.30
61638.30
61638.30
61638.30
61638.30
61638.30
61638.30
61638.30
61638.30
61638.30
61638.30
61638.30
61638.30
61638.30
61638.30
61638.30
61638.30
61638.30
61638.30
61638.30
61638.30
61638.30
61638.30
61638.30
61638.30
61638.30
61638.30
61638.30
61638.30
61638.30
61638.30
61638.30
61638.30
61638.30
61638.30
61638.30
61638.30
61638.30
61638.30
61638.30
61638.30
61638.30
61638.30
61638.30
61638.30
61638.30
61638.30
61638.30
61638.30
61638.30
61638.30
61638.30
61638.30
61638.30
61638.30
61638.30
61638.30
61638.30
61638.30
61638.30
61638.30
61638.30
61638.30
61638.30
61638.30
61638.30
61638.30
61638.30
61638.30
61638.30
61638.30
61638.30
61638.30
61638.30
61638.30
61638.30
61638.30
61638.30
61638.30
61638.30
61638.30
61638.30
61638.30
61638.30
61638.30
61638.30
61638.30
61638.30
61638.30
61638.30
61638.30
61638.30
61638.30
61638.30
61638.30
61638.30
61638.30
61638.30
61638.30
61638.30
61638.30
61638.30
61638.30
61638.30
61638.30
61638.30
61638.30
61638.30
61638.30
61638.30
61638.30
61638.30
61638.30
61638.30
61638.30
61638.30
61638.30
61638.30
61638.30
61638.30
61638.30
61638.30
61638.30
61638.30
61638.30
61638.30
61638.30
61638.30
61638.30
61638.30
61638.30
61638.30
61638.30
61638.30
61638.30
61638.30
61638.30
61638.30
61638.30
61638.30
61638.30
61638.30
61638.30
61638.30
61638.30
61638.30
61638.30
61638.30
61638.30
61638.30
61638.30
61638.30
61638.30
61638.30
61638.30
61638.30
61638.30
61638.30
61638.30
61638.30
61638.30
61638.30
61638.30
61638.30
61638.30
61638.30
61638.30
61638.30
61638.30
61638.30
61638.30
61638.30
61640.10
61661.70
61710.30
61784.10
61884.00
62009.10
62159.40
62334.90
62535.60
62761.50
63011.70
63287.10
63586.80
63911.70
64260.00
64634.40
65030.40
65451.60
65889.00
66337.20
66791.70
67251.60
67710.60
68165.10
68613.30
69057.00
69495.30
69929.10
70357.50
70780.50
71199.00
71612.10
72020.70
72423.90
72822.60
73215.90
73603.80
73988.10
74367.00
74741.40
75110.40
75474.90
75834.90
76190.40
76541.40
76887.00
77228.10
77564.70
77896.80
78224.40
78547.50
78865.20
79179.30
79488.90
79794.00
80093.70
80389.80
80681.40
80968.50
81251.10
81529.20
81803.70
82072.80
82339.20
82600.20
82856.70
83109.60
83357.10
83601.90
83841.30
84077.10
84309.30
84536.10
84760.20
84978.90
85194.00
85405.50
85612.50
85815.90
86014.80
86209.20
86400.90
86588.10
86770.80
86949.90
87125.40
87296.40
87464.70
87627.60
87787.80
87943.50
88095.60
88244.10
88388.10
88529.40
88666.20
88799.40
88929.00
89055.00
89177.40
89296.20
89411.40
89522.10
89630.10
89734.50
89834.40
89931.60
90026.10
90116.10
90202.50
90285.30
90365.40
90441.90
90515.70
90585.00
90651.60
90715.50
90775.80
90832.50
90886.50
90936.00
90984.60
91029.60
91071.00
91108.80
91143.90
91177.20
91206.90
91233.00
91255.50
91275.30
91291.50
91305.90
91317.60
91326.60
91335.60
91341.00
91341.90
91340.10
91338.30
91335.60
91335.60
91335.60
91335.60
91335.60
91335.60
91335.60
91335.60
91335.60
91335.60
91335.60
91335.60
91335.60
91335.60
91335.60
91335.60
91335.60
91335.60
91335.60
91335.60
91335.60
91335.60
91335.60
91335.60
91335.60
91335.60
91335.60
91335.60
91335.60
91335.60
91335.60
91335.60
91335.60
91335.60
91335.60
91335.60
91335.60
91335.60
91335.60
91335.60
91335.60
91335.60
91335.60
91335.60
91335.60
91335.60
91335.60
91335.60
91335.60
91335.60
91335.60
91335.60
91335.60
91335.60
91335.60
91335.60
91335.60
91335.60
91335.60
91335.60
91335.60
91335.60
91335.60
91335.60
91335.60
91335.60
91335.60
91335.60
91335.60
91335.60
91335.60
91335.60
91335.60
91335.60
91335.60
91335.60
91335.60
91335.60
91335.60
91335.60
91335.60
91335.60
91335.60
91335.60
91335.60
91335.60
91335.60
91335.60
91335.60
91335.60
91335.60
91335.60
91335.60
91335.60
91335.60
91335.60
91335.60
91335.60
91335.60
91335.60
91335.60
91335.60
91335.60
91335.60
91335.60
91335.60
91335.60
91335.60
91335.60
91335.60
91335.60
91335.60
91335.60
91335.60
91335.60
91335.60
91335.60
91335.60
91335.60
91335.60
91335.60
91335.60
91335.60
91335.60
91335.60
91335.60
91335.60
91335.60
91335.60
91335.60
91335.60
91335.60
91335.60
91335.60
91335.60
91335.60
91335.60
91335.60
91335.60
91335.60
91335.60
91335.60
91335.60
91335.60
91335.60
91335.60
91335.60
91335.60
91335.60
91335.60
91335.60
91335.60
91335.60
91335.60
91335.60
91335.60
91335.60
91335.60
91335.60
91335.60
91335.60
91335.60
91335.60
91335.60
91335.60
91335.60
91335.60
91335.60
91335.60
91335.60
91335.60
91335.60
91335.60
91335.60
91335.60
91335.60
91335.60
91335.60
91335.60
91335.60
91335.60
91335.60
91335.60
91335.60
91335.60
91335.60
91335.60
91335.60
91335.60
91335.60
91335.60
91335.60
91335.60
91335.60
91335.60
91335.60
91335.60
91335.60
91335.60
91335.60
91335.60
91335.60
91335.60
91335.60
91335.60
91335.60
91335.60
91335.60
91335.60
91335.60
91335.60
91335.60
91335.60
91335.60
91335.60
91335.60
91335.60
91335.60
91335.60
91335.60
91335.60
91335.60
91335.60
91335.60
91335.60
91335.60
91335.60
91335.60
91335.60
91335.60
91335.60
91335.60
91335.60
91335.60
91335.60
91335.60
91335.60
91335.60
91335.60
91335.60
91335.60
91335.60
91335.60
91335.60
91335.60
91338.30
91375.20
91453.50
91572.30
91731.60
91931.40
92170.80
92449.80
92769.30
93127.50
93523.50
93945.60
94384.80
94833.90
95290.20
95751.00
96214.50
96680.70
97148.70
97616.70
98085.60
98555.40
99025.20
99493.20
99956.70
100413.90
100911.60
101403.00
101887.20
102366.90
102840.30
103306.50
103767.30
104222.70
104671.80
105114.60
105552.00
105983.10
106408.80
106828.20
107242.20
107650.80
108053.10
108450.00
108841.50
109226.70
109606.50
109980.90
110350.80
110713.50
111071.70
111424.50
111771.00
112113.00
112449.60
112780.80
113105.70
113426.10
113741.10
114050.70
114355.80
114654.60
114948.00
115237.80
115521.30
115799.40
116073.00
116341.20
116604.90
116863.20
117117.00
117365.40
117608.40
117847.80
118080.90
118309.50
118533.60
118753.20
118967.40
119177.10
119381.40
119581.20
119776.50
119967.30
120152.70
120333.60
120510.00
120682.80
120849.30
121012.20
121170.60
121324.50
121473.90
121618.80
121758.30
121894.20
122025.60
122153.40
122275.80
122393.70
122508.00
122617.80
122723.10
122824.80
122922.00
123014.70
123103.80
123188.40
123269.40
123345.90
123418.80
123487.20
123552.00
123614.10
123670.80
123723.90
123775.20
123821.10
123863.40
123902.10
123938.10
123970.50
123998.40
124021.80
124041.60
124057.80
124072.20
124082.10
124091.10
124099.20
124101.00
124099.20
124096.50
124095.60
124095.60
124095.60
124095.60
124095.60
124095.60
124095.60
124095.60
124095.60
124095.60
124095.60
124095.60
124095.60
124095.60
124095.60
124095.60
124095.60
124095.60
124095.60
124095.60
124095.60
124095.60
124095.60
124095.60
124095.60
124095.60
124095.60
124095.60
124095.60
124095.60
124095.60
124095.60
124095.60
124095.60
124095.60
124095.60
124095.60
124095.60
124095.60
124095.60
124095.60
124095.60
124095.60
124095.60
124095.60
124095.60
124095.60
124095.60
124095.60
124095.60
124095.60
124095.60
124095.60
124095.60
124095.60
124095.60
124095.60
124095.60
124095.60
124095.60
124095.60
124095.60
124095.60
124095.60
124095.60
124095.60
124095.60
124095.60
124095.60
124095.60
124095.60
124095.60
124095.60
124095.60
124095.60
124095.60
124095.60
124095.60
124095.60
124095.60
124095.60
124095.60
124095.60
124095.60
124095.60
124095.60
124095.60
124095.60
124095.60
124095.60
124095.60
124095.60
124095.60
124095.60
124095.60
124095.60
124095.60
124095.60
124095.60
124095.60
124095.60
124095.60
124095.60
124095.60
124095.60
124095.60
124095.60
124095.60
124095.60
124095.60
124095.60
124095.60
124095.60
124095.60
124095.60
124095.60
124095.60
124095.60
124095.60
124095.60
124095.60
124095.60
124095.60
124095.60
124095.60
124095.60
124095.60
124095.60
124095.60
124095.60
124095.60
124095.60
124095.60
124095.60
124095.60
124095.60
124095.60
124095.60
124095.60
124095.60
124095.60
124095.60
124095.60
124095.60
124095.60
124095.60
124095.60
124095.60
124095.60
124095.60
124095.60
124095.60
124095.60
124095.60
124095.60
124095.60
124095.60
124095.60
124095.60
124095.60
124095.60
124095.60
124095.60
124095.60
124095.60
124095.60
124095.60
124095.60
124095.60
124095.60
124095.60
124095.60
124095.60
124095.60
124095.60
124095.60
124095.60
124095.60
124095.60
124095.60
124095.60
124095.60
124095.60
124095.60
124095.60
124095.60
124095.60
124095.60
124095.60
124095.60
124095.60
124095.60
124095.60
124095.60
124095.60
124095.60
124095.60
124095.60
124095.60
124095.60
124095.60
124095.60
124095.60
124095.60
124095.60
124095.60
124095.60
124095.60
124095.60
124095.60
124095.60
124095.60
124095.60
124095.60
124095.60
124095.60
124095.60
124095.60
124095.60
124095.60
124095.60
124095.60
124095.60
124095.60
124095.60
124095.60
124095.60
124095.60
124095.60
124142.40
124271.10
124482.60
124773.30
125143.20
125572.50
126036.90
126521.10
127018.80
127522.80
128032.20
128545.20
129060.00
129575.70
130092.30
130609.80
131127.29
131643.89
132154.20
132657.29
133155.89
133647.29
134132.39
134611.20
135084.59
135552.59
136014.29
136468.79
136918.79
137362.50
137799.89
138232.79
138657.59
139078.79
139492.79
139902.29
140305.50
140702.39
141094.79
141480.89
141861.59
142236.89
142606.79
142971.29
143330.39
143683.20
144031.50
144374.39
144711.00
145043.09
145369.79
145691.09
146007.00
146317.50
146622.59
146923.20
147218.39
147508.20
147792.59
148073.39
148347.89
148617.00
148881.59
149141.70
149396.39
149645.70
149890.50
150130.79
150364.79
150595.20
150821.09
151040.70
151256.70
151467.29
151673.39
151875.00
152071.20
152263.79
152450.09
152632.79
152811.00
152984.70
153153.00
153317.70
153477.00
153631.79
153783.00
153928.79
154071.00
154207.79
154341.00
154469.70
154593.00
154713.59
154828.79
154940.39
155046.59
155150.09
155248.20
155342.70
155432.70
155519.09
155601.89
155680.20
155754.00
155824.20
155890.79
155953.79
156012.29
156067.20
156118.50
156166.20
156211.20
156251.70
156287.70
156321.00
156351.59
156377.70
156400.20
156417.29
156465.89
156596.39
156807.89
157100.39
157472.09
157903.20
158369.39
158855.39
159354.00
159859.79
160371.00
160884.00
161399.70
161917.20
162434.70
162952.20
163469.70
163981.79
164487.59
164987.09
165481.20
165969.00
166450.50
166925.70
167396.39
167859.89
168318.00
168770.70
169218.00
169659.00
170093.70
170523.00
170946.89
171365.39
171777.59
172184.39
172585.79
172981.79
173371.50
173756.70
174135.59
174510.00
174878.09
175240.79
175599.00
175950.89
176298.29
176639.39
176976.00
177307.18
177633.00
177953.39
178268.39
178578.89
178884.00
179183.68
179478.00
179767.79
180052.18
180332.09
180606.59
180876.59
181141.18
181400.39
181655.09
181905.29
182150.09
182390.39
182625.29
182855.68
183081.59
183302.09
183518.09
183729.59
183936.59
184138.18
184335.29
184527.89
184716.00
184899.59
185078.68
185252.39
185421.59
185587.18
185747.39
185904.00
186055.18
186202.79
186345.00
186483.59
186617.68
186746.39
186872.39
186993.00
187109.09
187221.59
187329.59
187434.00
187533.89
187628.39
187720.18
187807.50
187891.18
187970.39
188045.09
188116.18
188183.68
188247.59
188307.89
188363.68
188415.89
188464.50
188508.59
188550.00
188588.68
188622.89
188653.50
188680.50
188703.00
188723.68
188740.79
188756.09
188765.09
188768.68
188769.59
188768.68
188768.68
188768.68
188768.68
188768.68
188768.68
188768.68
188768.68
188768.68
188768.68
188768.68
188768.68
188768.68
188768.68
188768.68
188768.68
188768.68
188768.68
188768.68
188768.68
188768.68
188768.68
188768.68
188768.68
188768.68
188768.68
188768.68
188768.68
188768.68
188768.68
188768.68
188768.68
188768.68
188768.68
188768.68
188768.68
188768.68
188768.68
188768.68
188768.68
188768.68
188768.68
188768.68
188768.68
188768.68
188768.68
188768.68
188768.68
188768.68
188768.68
188768.68
188768.68
188768.68
188768.68
188768.68
188768.68
188768.68
188768.68
188768.68
188768.68
188768.68
188768.68
188768.68
188768.68
188768.68
188768.68
188768.68
188768.68
188768.68
188768.68
188768.68
188768.68
188768.68
188768.68
188768.68
188768.68
188768.68
188768.68
188768.68
188768.68
188768.68
188768.68
188768.68
188768.68
188768.68
188768.68
188768.68
188768.68
188768.68
188768.68
188768.68
188768.68
188768.68
188768.68
188768.68
188768.68
188768.68
188768.68
188768.68
188768.68
188768.68
188768.68
188768.68
188768.68
188768.68
188768.68
188768.68
188768.68
188768.68
188768.68
188768.68
188768.68
188768.68
188768.68
188768.68
188768.68
188768.68
188768.68
188768.68
188768.68
188768.68
188768.68
188768.68
188768.68
188768.68
188768.68
188768.68
188768.68
188768.68
188768.68
188768.68
188768.68
188768.68
188768.68
188768.68
188768.68
188768.68
188768.68
188768.68
188768.68
188768.68
188768.68
188768.68
188768.68
188768.68
188768.68
188768.68
188768.68
188768.68
188768.68
188768.68
188768.68
188768.68
188768.68
188768.68
188768.68
188768.68
188768.68
188768.68
188768.68
188768.68
188768.68
188768.68
188768.68
188768.68
188768.68
188768.68
188768.68
188768.68
188768.68
188768.68
188768.68
188768.68
188768.68
188768.68
188768.68
188768.68
188768.68
188768.68
188768.68
188768.68
188768.68
188768.68
188768.68
188768.68
188768.68
188768.68
188768.68
188768.68
188768.68
188768.68
188768.68
188768.68
188768.68
188768.68
188768.68
188768.68
188768.68
188768.68
188768.68
188768.68
188768.68
188768.68
188768.68
188768.68
188768.68
188768.68
188768.68
188768.68
188768.68
188768.68
188768.68
188768.68
188768.68
188768.68
188768.68
188768.68
188768.68
188768.68
188768.68
188768.68
188768.68
188768.68
188768.68
188768.68
188768.68
188768.68
188768.68
188768.68
188768.68
188768.68
188768.68
188768.68
188768.68
188768.68
188768.68
188768.68
188768.68
188768.68
188768.68
188768.68
188768.68
188768.68
188768.68
188768.68
188772.29
188863.18
189079.18
189397.79
189788.39
190225.79
190686.59
191167.18
191658.59
192157.18
192660.29
193167.00
193677.29
194188.50
194700.59
195215.39
195729.29
196242.29
196749.00
197249.39
197744.39
198232.18
198714.59
199190.68
199661.39
200125.79
200583.89
201036.59
201483.89
201924.00
202359.59
202788.89
203211.89
203630.39
204042.59
204448.50
204849.89
205245.00
205634.68
206019.00
206397.00
206770.50
207138.59
207500.39
207857.68
208209.59
208556.09
208897.18
209232.89
209563.18
209888.09
210207.59
210522.59
210832.18
211136.39
211435.18
211728.59
212017.50
212301.89
212580.89
212853.59
213122.68
213386.39
213644.68
213898.50
214147.79
214391.68
214630.18
214865.09
215093.68
215318.68
215538.29
215753.39
215964.00
216169.18
216369.89
216566.09
216757.79
216944.09
217126.79
217304.09
217477.79
217646.09
217809.89
217969.18
218124.89
218275.18
218421.00
218563.18
218700.00
218833.18
218961.89
219086.09
219206.68
219321.89
219433.50
219541.50
219645.00
219744.00
219838.50
219929.39
220016.68
220099.50
220177.79
220253.39
220324.50
220392.00
220455.89
220515.29
220571.09
220624.18
220672.79
220717.79
220759.18
220797.89
220831.18
220861.79
220888.79
220913.09
220934.68
220954.50
220968.89
220979.68
220985.09
220983.29
220978.79
220975.18
220975.18
220975.18
220975.18
220975.18
220975.18
220975.18
220975.18
220975.18
220975.18
220975.18
220975.18
220975.18
220975.18
220975.18
220975.18
220975.18
220975.18
220975.18
220975.18
220975.18
220975.18
220975.18
220975.18
220975.18
220975.18
220975.18
220975.18
220975.18
220975.18
220975.18
220975.18
220975.18
220975.18
220975.18
220975.18
220975.18
220975.18
220975.18
220975.18
220975.18
220975.18
220975.18
220975.18
220975.18
220975.18
220975.18
220975.18
220975.18
220975.18
220975.18
220975.18
220975.18
220975.18
220975.18
220975.18
220975.18
220975.18
220975.18
220975.18
220975.18
220975.18
220975.18
220975.18
220975.18
220975.18
220975.18
220975.18
220975.18
220975.18
220975.18
220975.18
220975.18
220975.18
220975.18
220975.18
220975.18
220975.18
220975.18
220975.18
220975.18
220975.18
220975.18
220975.18
220975.18
220975.18
220975.18
220975.18
220975.18
220975.18
220975.18
220975.18
220975.18
220975.18
220975.18
220975.18
220975.18
220975.18
220975.18
220975.18
220975.18
220975.18
220975.18
220975.18
220975.18
220975.18
220975.18
220975.18
220975.18
220975.18
220975.18
220975.18
220975.18
220975.18
220975.18
220975.18
220975.18
220975.18
220975.18
220975.18
220975.18
220975.18
220975.18
220975.18
220975.18
220975.18
220975.18
220975.18
220975.18
220975.18
220975.18
220975.18
220975.18
220975.18
220975.18
220975.18
220975.18
220975.18
220975.18
220975.18
220975.18
220975.18
220975.18
220975.18
220975.18
220975.18
220975.18
220975.18
220975.18
220975.18
220975.18
220975.18
220975.18
220975.18
220975.18
220975.18
220975.18
220975.18
220975.18
220975.18
220975.18
220975.18
220975.18
220975.18
220975.18
220975.18
220975.18
220975.18
220975.18
220975.18
220975.18
220975.18
220975.18
220975.18
220975.18
220975.18
220975.18
220975.18
220975.18
220975.18
220975.18
220975.18
220975.18
220975.18
220975.18
220975.18
220975.18
220975.18
220975.18
220975.18
220975.18
220975.18
220975.18
220975.18
220975.18
220975.18
220975.18
220975.18
220975.18
220975.18
220975.18
220975.18
220975.18
220975.18
220975.18
220975.18
220975.18
220975.18
220975.18
220975.18
220975.18
220975.18
220975.18
220975.18
220975.18
220975.18
220975.18
220975.18
220975.18
220975.18
220975.18
220975.18
220975.18
220975.18
220975.18
220975.18
220975.18
220975.18
220975.18
220975.18
220975.18
220975.18
220975.18
220975.18
220975.18
220975.18
220975.18
220975.18
220975.18
220975.18
220975.18
220975.18
220975.18
220975.18
220975.18
220975.18
220975.18
220975.18
220975.18
220975.18
220975.18
220975.18
220975.18
220975.18
220975.18
220975.18
220975.18
220975.18
220975.18
220975.18
220975.18
220975.18
220975.18
220975.18
220975.18
220975.18
220975.18
220975.18
220975.18
220975.18
220975.18
220975.18
220975.18
220975.18
220975.18
220975.18
220975.18
220975.18
220975.18
220975.18
220975.18
220975.18
220975.18
220975.18
220975.18
220975.18
220975.18
220975.18
220975.18
220975.18
220975.18
220975.18
220975.18
220975.18
220975.18
220975.18
220975.18
220975.18
220975.18
220975.18
220975.18
220975.18
220975.18
220975.18
220975.18
220975.18
220975.18
220975.18
220975.18
220975.18
220975.18
220975.18
220975.18
220975.18
220975.18
220975.18
220975.18
220975.18
220975.18
220975.18
220975.18
220975.18
220975.18
220975.18
220975.18
220975.18
220975.18
220975.18
220975.18
220975.18
220975.18
220975.18
220975.18
220975.18
220975.18
220975.18
220975.18
220975.18
220975.18
220975.18
220975.18
220975.18
220975.18
220975.18
220975.18
220975.18
220975.18
220975.18
220975.18
220975.18
220975.18
220975.18
220975.18
220975.18
220975.18
220975.18
220975.18
220975.18
220975.18
220975.18
220975.18
220975.18
220975.18
220975.18
220975.18
220975.18
220975.18
220975.18
220975.18
220975.18
220975.18
220975.18
220975.18
220975.18
220975.18
220975.18
220975.18
220975.18
220975.18
220975.18
220975.18
220975.18
220975.18
220975.18
220975.18
220975.18
220975.18
220975.18
220975.18
220975.18
220975.18
220975.18
220975.18
220975.18
220975.18
220975.18
220975.18
220975.18
220975.18
220975.18
220975.18
220975.18
220975.18
220975.18
220975.18
220975.18
220975.18
220975.18
220975.18
220975.18
220975.18
220975.18
220975.18
220975.18
220975.18
220975.18
220975.18
220975.18
220975.18
220975.18
220975.18
220975.18
220975.18
220975.18
220975.18
220975.18
220975.18
220975.18
220975.18
220975.18
220975.18
220975.18
220975.18
220975.18
220975.18
220975.18
220975.18
220975.18
220975.18
220975.18
220975.18
220975.18
220975.18
220975.18
220975.18
220975.18
220975.18
220975.18
220975.18
220975.18
220975.18
220975.18
220975.18
220975.18
220975.18
220975.18
220975.18
220975.18
220975.18
220975.18
220975.18
220975.18
220975.18
220975.18
220975.18
220975.18
220975.18
220975.18
220975.18
220975.18
220975.18
220975.18
220975.18
220975.18
220975.18
220975.18
220975.18
220975.18
220975.18
220975.18
220975.18
220975.18
220975.18
220975.18
220975.18
220975.18
220975.18
220975.18
220975.18
220975.18
220975.18
220975.18
220975.18
220975.18
220975.18
220975.18
220975.18
220975.18
220975.18
220975.18
220975.18
220975.18
220975.18
220975.18
220975.18
220975.18
220975.18
220975.18
220975.18
220975.18
220975.18
220975.18
220975.18
220975.18
220975.18
220975.18
220975.18
220975.18
220975.18
220975.18
220975.18
220975.18
220975.18
220975.18
220975.18
220975.18
220975.18
220975.18
220975.18
220975.18
220975.18
220975.18
220975.18
220975.18
220975.18
220975.18
220975.18
220975.18
220975.18
220975.18
220975.18
220975.18
220975.18
220975.18
220975.18
220975.18
220975.18
220975.18
220975.18
220975.18
220975.18
220975.18
220975.18
220975.18
220975.18
220975.18
220975.18
220975.18
220975.18
220975.18
220975.18
220975.18
220975.18
220975.18
220975.18
220975.18
220975.18
220975.18
220975.18
220975.18
220975.18
220975.18
220975.18
220975.18
220975.18
220975.18
220975.18
220975.18
220975.18
220975.18
220975.18
220975.18
220975.18
220975.18
220975.18
220975.18
220975.18
220975.18
220975.18
220975.18
220975.18
220975.18
220975.18
220975.18
220975.18
220975.18
220975.18
220975.18
220975.18
220975.18
220975.18
220975.18
220975.18
220975.18
220975.18
220975.18
220975.18
220975.18
220975.18
220975.18
220975.18
220975.18
220975.18
220975.18
220975.18
220975.18
220975.18
220975.18
220975.18
220975.18
220975.18
220975.18
220975.18
220975.18
220975.18
220975.18
220975.18
220975.18
220975.18
220975.18
220975.18
220975.18
220975.18
220975.18
220975.18
220975.18
220975.18
220975.18
220975.18
220975.18
220975.18
220975.18
220975.18
220975.18
220975.18
220975.18
220975.18
220975.18
220975.18
220975.18
220975.18
220975.18
220975.18
220975.18
220975.18
220975.18
220975.18
220975.18
220975.18
220975.18
220975.18
220975.18
220975.18
220975.18
220975.18
220975.18
220975.18
220975.18
220975.18
220975.18
220975.18
220975.18
220975.18
220975.18
220975.18
220975.18
220975.18
220975.18
220975.18
220975.18
220975.18
220975.18
220975.18
220975.18
220975.18
220975.18
220975.18
220975.18
220975.18
220975.18
220975.18
220975.18
220975.18
220975.18
220975.18
220975.18
220975.18
220975.18
220975.18
220975.18
220975.18
220975.18
220975.18
220975.18
220975.18
220975.18
220975.18
220975.18
220975.18
220975.18
220975.18
220975.18
220975.18
220975.18
220975.18
220975.18
220975.18
220975.18
220975.18
220975.18
220975.18
220975.18
220975.18
220975.18
220975.18
220975.18
220975.18
220975.18
220975.18
220975.18
220975.18
220975.18
220975.18
220975.18
220975.18
220975.18
220975.18
220975.18
220975.18
220975.18
220975.18
220975.18
220975.18
220975.18
220975.18
220975.18
220975.18
220975.18
220975.18
220975.18
220975.18
220975.18
220975.18
220975.18
220975.18
220975.18
220975.18
220975.18
220975.18
220975.18
220975.18
220975.18
220975.18
220975.18
220975.18
220975.18
220975.18
220975.18
220975.18
220975.18
220975.18
220975.18
220975.18
220975.18
220975.18
220975.18
220975.18
220975.18
220975.18
220975.18
220975.18
220975.18
220975.18
220975.18
220975.18
220975.18
220975.18
220975.18
220975.18
220975.18
220975.18
220975.18
220975.18
220975.18
220975.18
220975.18
220975.18
220975.18
220975.18
220975.18
220975.18
220975.18
220975.18
220975.18
220975.18
220975.18
220975.18
220975.18
220975.18
220975.18
220975.18
220975.18
220975.18
220975.18
220975.18
220975.18
220975.18
220975.18
220975.18
220975.18
220975.18
220975.18
220975.18
220975.18
220975.18
220975.18
220975.18
220975.18
220975.18
220975.18
220975.18
220975.18
220975.18
220975.18
220975.18
220975.18
220975.18
220975.18
220975.18
220975.18
220975.18
220975.18
220975.18
220975.18
220975.18
220975.18
220975.18
220975.18
220975.18
220975.18
220975.18
220975.18
220975.18
220975.18
220975.18
220975.18
220975.18
220975.18
220975.18
220975.18
220975.18
220975.18
220975.18
220975.18
220975.18
220975.18
220975.18
220975.18
220975.18
220975.18
220975.18
220975.18
220975.18
220975.18
220977.89
220986.89
221001.29
221024.68
221057.09
221097.59
221147.09
221204.68
221270.39
221345.09
221427.00
221517.89
221616.89
221723.09
221838.29
221960.68
222090.29
222228.00
222372.89
222525.89
222686.09
222853.50
223028.09
223209.89
223398.89
223596.00
223799.39
224010.89
224228.68
224454.59
224686.79
224927.09
225173.68
225427.50
225687.59
225955.79
226230.29
226512.89
226801.79
227097.00
227399.39
227709.00
228024.89
228348.00
228677.39
229014.00
229356.89
229707.00
230063.39
230427.00
230796.00
231173.09
231555.59
231945.29
232341.29
232743.59
233153.09
233568.89
233990.09
234418.50
234853.18
235294.18
235741.50
236195.09
236655.00
237121.18
237592.79
238071.59
238555.79
239047.18
239543.09
240046.18
240553.79
241065.89
241579.79
242094.59
242611.18
243127.79
243645.29
244162.79
244680.29
245198.68
245717.09
246235.50
246753.00
247271.39
247789.79
248308.18
248826.59
249344.09
249862.50
250380.89
250900.18
251418.59
251937.00
252455.39
252973.79
253492.18
254010.59
254529.00
255047.39
255565.79
256084.18
256602.59
257121.00
257639.39
258157.79
258676.18
259195.50
259713.89
260232.29
260751.59
261270.00
261783.00
262289.68
262791.00
263286.90
263775.59
264258.90
264735.90
265207.50
265673.68
266133.59
266587.18
267036.28
267478.18
267915.59
268346.68
268772.40
269191.78
269606.68
270014.40
270417.59
270815.40
271207.78
271593.90
271974.59
272350.78
272720.68
273085.18
273445.18
273799.78
274148.09
274491.90
274830.28
275163.28
275490.90
275814.00
276130.78
276443.09
276750.00
277052.40
277348.50
277641.00
277927.18
278208.90
278485.18
278757.00
279023.40
279285.28
279541.78
279793.78
280040.40
280282.50
280520.09
280752.28
280980.00
281203.18
281421.90
281635.18
281844.00
282047.40
282247.18
282441.59
282632.40
282817.78
282998.68
283175.09
283347.00
283514.40
283677.28
283835.68
283989.59
284139.00
284284.78
284425.18
284562.00
284694.28
284822.09
284945.40
285065.09
285179.40
285290.09
285397.18
285499.78
285598.78
285692.40
285783.28
285869.68
285951.59
286029.90
286104.59
286175.68
286242.28
286306.18
286365.59
286420.50
286473.59
286522.18
286566.28
286607.68
286646.40
286680.59
286711.18
286737.28
286760.68
286781.40
286799.40
286814.68
286828.18
286837.18
286841.68
286841.68
286841.68
286841.68
286841.68
286841.68
286841.68
286841.68
286841.68
286841.68
286841.68
286841.68
286841.68
286841.68
286841.68
286841.68
286841.68
286841.68
286841.68
286841.68
286841.68
286841.68
286841.68
286841.68
286841.68
286841.68
286841.68
286841.68
286841.68
286841.68
286841.68
286841.68
286841.68
286841.68
286841.68
286841.68
286841.68
286841.68
286841.68
286841.68
286841.68
286841.68
286841.68
286841.68
286841.68
286841.68
286841.68
286841.68
286841.68
286841.68
286841.68
286841.68
286841.68
286841.68
286841.68
286841.68
286841.68
286841.68
286841.68
286841.68
286841.68
286841.68
286841.68
286841.68
286841.68
286841.68
286841.68
286841.68
286841.68
286841.68
286841.68
286841.68
286841.68
286841.68
286841.68
286841.68
286841.68
286841.68
286841.68
286841.68
286841.68
286841.68
286841.68
286841.68
286841.68
286841.68
286841.68
286841.68
286841.68
286841.68
286841.68
286841.68
286841.68
286841.68
286841.68
286841.68
286841.68
286841.68
286841.68
286841.68
286841.68
286841.68
286841.68
286841.68
286841.68
286841.68
286841.68
286841.68
286841.68
286841.68
286841.68
286841.68
286841.68
286841.68
286841.68
286841.68
286841.68
286841.68
286841.68
286841.68
286841.68
286841.68
286841.68
286841.68
286841.68
286841.68
286841.68
286841.68
286841.68
286841.68
286841.68
286841.68
286841.68
286841.68
286841.68
286841.68
286841.68
286841.68
286841.68
286841.68
286841.68
286841.68
286841.68
286841.68
286841.68
286841.68
286841.68
286841.68
286841.68
286841.68
286841.68
286841.68
286841.68
286841.68
286841.68
286841.68
286841.68
286841.68
286841.68
286841.68
286841.68
286841.68
286841.68
286841.68
286841.68
286841.68
286841.68
286841.68
286841.68
286841.68
286841.68
286841.68
286841.68
286841.68
286841.68
286841.68
286841.68
286841.68
286841.68
286841.68
286841.68
286841.68
286841.68
286841.68
286841.68
286841.68
286841.68
286841.68
286841.68
286841.68
286841.68
286841.68
286841.68
286841.68
286841.68
286841.68
286841.68
286841.68
286841.68
286841.68
286841.68
286841.68
286841.68
286841.68
286841.68
286841.68
286841.68
286841.68
286841.68
286841.68
286841.68
286841.68
286841.68
286841.68
286841.68
286841.68
286841.68
286841.68
286841.68
286841.68
286841.68
286841.68
286841.68
286841.68
286841.68
286841.68
286841.68
286841.68
286841.68
286841.68
286841.68
286841.68
286841.68
286841.68
286841.68
286841.68
286841.68
286841.68
286841.68
286841.68
286841.68
286841.68
286841.68
286841.68
286841.68
286841.68
286841.68
286841.68
286841.68
286841.68
286841.68
286841.68
286841.68
286841.68
286841.68
286841.68
286841.68
286841.68
286841.68
286841.68
286841.68
286841.68
286841.68
286841.68
286841.68
286841.68
286841.68
286841.68
286841.68
286841.68
286841.68
286841.68
286841.68
286841.68
286841.68
286841.68
286841.68
286841.68
286841.68
286841.68
286841.68
286841.68
286841.68
286841.68
286841.68
286841.68
286841.68
286841.68
286841.68
286841.68
286841.68
286841.68
286841.68
286841.68
286841.68
286841.68
286841.68
286841.68
286841.68
286841.68
286841.68
286841.68
286841.68
286841.68
286841.68
286841.68
286841.68
286841.68
286841.68
286841.68
286841.68
286841.68
286841.68
286841.68
286841.68
286841.68
286841.68
286841.68
286841.68
286841.68
286841.68
286841.68
286841.68
286841.68
286841.68
286841.68
286841.68
286841.68
286841.68
286841.68
286841.68
286841.68
286841.68
286841.68
286841.68
286841.68
286841.68
286841.68
286841.68
286841.68
286841.68
286841.68
286841.68
286841.68
286841.68
286841.68
286841.68
286841.68
286841.68
286841.68
286841.68
286841.68
286841.68
286841.68
286841.68
286841.68
286841.68
286841.68
286841.68
286841.68
286841.68
286841.68
286841.68
286841.68
286841.68
286841.68
286841.68
286841.68
286841.68
286841.68
286841.68
286841.68
286841.68
286841.68
286841.68
286841.68
286841.68
286841.68
286841.68
286841.68
286841.68
286841.68
286841.68
286841.68
286841.68
286841.68
286841.68
286841.68
286841.68
286841.68
286841.68
286841.68
286841.68
286841.68
286841.68
286841.68
286841.68
286841.68
286841.68
286841.68
286841.68
286841.68
286841.68
286841.68
286841.68
286841.68
286841.68
286841.68
286841.68
286841.68
286841.68
286841.68
286841.68
286841.68
286841.68
286841.68
286841.68
286841.68
286841.68
286841.68
286841.68
286841.68
286841.68
286841.68
286841.68
286841.68
286841.68
286841.68
286841.68
286841.68
286841.68
286841.68
286841.68
286841.68
286841.68
286841.68
