39007.80
39007.80
39007.80
39007.80
39007.80

39007.80
39007.80
39007.80
39007.80
39007.80
39009.60
39020.40
39039.30
39065.40
39097.80
39137.40
39183.30
39237.30

39297.60
39365.10
39439.80
39521.70
39609.90
39704.40
39806.10
39914.10
40029.30
40150.80
40277.70
40411.80
40551.30

40698.00
40851.00
41009.40
41174.10
41345.10
41520.60
41691.60
41859.00
42021.90
42182.10
42337.80
42489.90
42637.50
42782.40
42922.80
43059.60
43192.80
43322.40
43448.40

43570.80
43688.70
43803.90
43915.50
44022.60
44127.00
44227.80
44325.00
44418.60
44508.60
44595.00
44678.70
44758.80

44835.30
44908.20
44978.40
45045.00
45108.00
45168.30
45225.90
45279.00
45329.40
45378.00
45422.10
45463.50
45502.20

45538.20
45570.60
45599.40
45625.50
45648.00
45668.70
45687.60
45702.90
45717.30
45729.00
45736.20

45739.80
45740.70
45739.80
45739.80
45739.80
45739.80
45739.80
45739.80
45739.80
45739.80
45739.80
45739.80
45739.80
45739.80
45747.00
45759.60
45777.60

45803.70
45836.10
45875.70
45922.50
45976.50
46036.80
46105.20
46179.90
46261.80
46350.00
46445.40
46547.10
46655.10

46770.30
46890.90
47018.70
47152.80
47293.20
47439.90
47592.00
47751.30
47914.20
48072.60
48228.30

48379.50
48526.20
48670.20
48810.60
48946.50
49078.80
49207.50
49332.60
49454.10
49572.00
49686.30
49797.00
49903.20

50006.70
50106.60
50202.90
50295.60
50384.70
50471.10
50553.90
50632.20
50707.80
50780.70
50850.00
50915.70
50978.70
51037.20
51093.90
51147.00
51197.40
51244.20
51287.40
51328.80
51365.70
51399.90
51431.40
51460.20
51487.20
51511.50
51530.40
51546.60
51561.00
51572.70
51589.80
51613.20
51645.60
51684.30
51730.20
51782.40
51841.80
51908.40
51982.20
52063.20
52149.60
52244.10
52344.90

52452.00
52566.30
52686.00
52812.90
52946.10
53084.70
53230.50
53382.60
53540.10
53704.80
53874.00
54044.10
54209.70

54371.70
54529.20
54684.00
54834.30
54980.10
55123.20
55261.80
55397.70
55529.10
55656.90
55781.10
55901.70
56017.80
56131.20
56241.00
56347.20
56448.90
56547.90
56643.30
56736.00
56824.20
56908.80
56990.70
57069.00

57143.70
57214.80
57283.20
57348.00
57410.10
57468.60
57523.50
57575.70
57625.20
57671.10
57714.30

57753.90
57791.70

57825.00
57855.60
57882.60
57906.90
57929.40
57949.20
57968.10
57981.60
57993.30
58000.50
58001.40

57999.60
58002.30
58009.50
58024.80
58047.30
58077.00
58113.00
58157.10
58207.50
58265.10
58329.90
58401.90
58480.20

58565.70
58657.50
58757.40
58862.70
58974.30
59093.10
59217.30
59348.70
59486.40
59629.50
59778.90
59925.60
60068.70
60208.20
60344.10
60475.50
60604.20
60728.40
60849.00
60966.90
61080.30
61190.10
61296.30
61399.80
61498.80
61595.10
61686.90
61776.00
61861.50
61943.40
62022.60
62097.30
62169.30
62237.70
62304.30
62366.40
62424.90
62481.60
62533.80
62583.30
62630.10
62674.20
62714.70
62751.60
62785.80
62818.20
62847.00
62872.20
62893.80
62911.80
62928.00
62941.50
62952.30
62962.20
62970.30
62973.00

62973.00
62973.00
62973.00
62973.00
62973.00
62973.00
62973.00
62973.00
62973.00
62973.00
62973.00
62973.00

62973.00
107182.80
107182.80
107182.80
107182.80
107182.80
107182.80
107182.80
107182.80
107182.80
107182.80
107182.80
107183.70
107191.80
107210.70
107237.70
107275.50
107321.40
107375.40
107437.50
107508.60
107587.80
107676.00
107772.30
107876.70
107988.30
108108.90
108236.70
108372.60

108516.60
108667.80
108827.10
108992.70
109167.30
109348.20
109532.70
109712.70
109888.20
110058.30
110224.80
110385.90
110542.50
110695.50
110843.10
110987.10
111125.70
111260.70
111391.20
111516.30
111638.70
111755.70
111869.10
111978.00
112082.40
112182.30
112278.60
112371.30
112458.60
112543.20
112622.40
112698.90
112771.80
112840.20
112904.10
112964.40
113021.10
113075.10
113124.60
113169.60
113212.80
113251.50
113285.70
113316.30
113343.30
113368.50
113390.10
113409.90
113424.30
113436.00
113440.50
113439.60
113435.10
113432.40
113431.50
113431.50
113431.50
113431.50
113431.50
113431.50
113431.50
113431.50
113431.50
113431.50
113431.50
113432.40
113439.60
113450.40

113471.10
113500.80
113537.70
113584.50
113639.40
113702.40
113774.40
113854.50
113942.70
114039.00

114144.30
114256.80
114378.30
114507.00
114643.80
114787.80
114939.00
115099.20
115265.70
115440.30
115614.90
115785.00
115950.60
116111.70
116267.40
116419.50
116567.10
116710.20
116848.80

116982.00
117112.50
117237.60
117358.20
117475.20
117587.70
117695.70
117800.10
117900.00
117995.40
118087.20
118174.50
118258.20
118337.40
118413.00
118484.10
118551.60
118616.40
118675.80

118731.60
118784.70
118834.20
118879.20
118920.60
118958.40
118993.50
119024.10
119050.20
119072.70

119092.50
119108.70
119123.10
119134.80
119142.00
119146.50
119150.10
119153.70
119157.30

119159.10
119159.10
119159.10
119159.10
119159.10
119159.10
119159.10
119159.10
119159.10
119159.10
119160.00
119166.30
119178.90
119200.50
119228.40

119265.30
119310.30
119365.20
119427.30
119498.40
119577.60
119665.80
119761.20
119865.60
119977.20
120097.80
120225.60
120361.50
120504.60
120655.80
120814.20
120980.70
121154.40
121335.30

121524.30
121719.60
121911.30
122098.50
122281.20
122459.40
122632.20
122801.40
122965.20
123125.40
123280.20
123430.50
123577.20
123718.50
123856.20
123989.40
124117.20
124242.30
124362.00
124477.20
124588.80
124695.90
124799.40
124897.50
124992.90
125082.90
125169.30
125252.10
125331.30
125406.00
125476.20
125542.80
125605.80
125665.20
125721.00
125773.20
125821.80
125865.90
125905.50
125942.40
125976.60
126008.10
126035.10
126057.60
126077.40
126091.80
126104.40
126113.40
126115.20
126114.30
126113.40
126110.70
126108.00
126107.10
126107.10
126107.10
126107.10
126107.10
126107.10
126107.10
126107.10
126107.10
126107.10
126108.90
126115.20

126129.60
126154.80
126188.10
126229.50
126279.00
126337.50
126405.00
126479.70
126563.40

126655.20
126756.00
126864.00
126980.10
127105.20
127236.60
127376.10
127523.70
127678.50
127841.40

128005.20
128165.40
128320.20
128470.50
128617.20
128758.50
128896.20
129028.50
129157.20

129281.40
129401.10
129516.30
129627.90
129734.10
129837.60
129935.70
130030.20
130120.20
130206.60

130289.40
130367.70
130441.50
130512.60
130579.20
130641.30
130700.70
130755.60
130807.80
130855.50
130899.60
130940.10
130976.10
131009.40
131040.00
131067.90
131090.39
131108.39
131124.59

131135.39
131144.39
131149.79
131150.70
131148.00
131146.20
131146.20
131146.20
131146.20
131146.20
131146.20
131146.20
131146.20
131146.20
131146.20
131146.20
131146.20
131148.00
131155.20
131169.59

131194.79
131229.00
131270.39
131319.89
131378.39
131445.89
131521.50
131605.20
131697.89
131798.70
131906.70
132022.79
132147.89
132280.20
132419.70
132567.29
132721.20
132873.29
133020.00
133162.20
133300.79
133434.00
133563.59
133688.70
133809.29
133925.39
134037.89
134145.89
134249.39

134348.39
134443.79
134534.70
134622.00
134705.70
134784.89
134859.59
134930.70
134998.20
135062.09
135121.50
135178.20
135230.39
135278.09
135323.09
135365.39
135403.20
135437.39
135468.00

135494.09
135518.39
135540.00
135556.20
135568.79
135577.79
135581.39
135579.59
135576.00
135574.20
135573.29
135573.29
135573.29
135573.29
135573.29
135573.29
135573.29
135573.29
135573.29
135573.29
135573.29
135573.29