42156.90
42156.90
42156.90
42156.90
42156.90
42156.90
42156.90
42156.90
42156.90
42156.90
42156.90

42159.60
42167.70
42181.20
42201.90
42229.80
42264.90
42308.10
42357.60
42415.20
42478.20
42548.40
42626.70
42710.40

42802.20
42900.30
43004.70
43115.40
43233.30
43356.60
43487.10
43623.90
43767.00
43916.40
44071.20

44233.20
44400.60
44575.20
44753.40
44928.00
45099.00
45266.40
45429.30
45589.50
45745.20
45896.40
46044.90
46188.90

46330.20
46467.00
46600.20
46729.80
46854.90
46977.30
47096.10
47211.30
47322.00
47430.00
47534.40

47635.20
47732.40

47826.00
47916.90
48003.30
48087.00
48167.10
48243.60
48317.40
48387.60
48455.10
48518.10
48578.40

48636.00
48690.00
48740.40
48789.00
48834.00
48876.30
48915.00
48951.00
48984.30
49013.10
49039.20
49062.60
49083.30
49101.30
49117.50
49131.00
49142.70
49151.70
49157.10
49158.00
49158.00
49158.00
49158.00
49158.00
49158.00
49158.00
49158.00
49158.00
49158.00

49160.70
49170.60
49187.70
49209.30
49239.00
49275.90
49320.00
49370.40
49428.00
49492.80
49564.80

49643.10
49728.60
49820.40
49920.30
50025.60
50137.20
50256.00
50381.10
50511.60
50650.20
50793.30
50943.60
51100.20

51262.20
51431.40
51600.60
51766.20
51928.20
52085.70
52239.60
52389.90
52536.60
52678.80
52817.40

52952.40
53084.70

53211.60
53335.80
53456.40
53573.40
53686.80
53796.60
53902.80
54005.40
54103.50
54199.80
54291.60

54379.80
54465.30
54547.20
54625.50
54701.10
54772.20
54840.60
54906.30
54968.40
55027.80
55083.60
55135.80
55185.30
55231.20
55275.30
55315.80
55352.70
55386.90
55418.40
55448.10
55473.30
55494.90
55513.80
55529.10
55540.80
55551.60
55559.70
55564.20
55566.00
55566.90
55566.90
55566.90

55566.90
55566.90
55566.90
55568.70
55579.50
55598.40
55623.60
55657.80
55697.40
55744.20
55797.30
55858.50
55926.00

56000.70
56081.70
56170.80
56265.30
56367.00
56475.00
56590.20
56710.80
56838.60
56972.70
57113.10
57258.90
57411.90
57571.20
57735.90
57906.90
58084.20
58267.80
58457.70
58653.00
58854.60
59062.50
59276.70
59496.30
59722.20
59954.40
60192.00
60435.90
60685.20
60939.00
61189.20
61435.80
61677.90
61915.50
62149.50
62378.10
62604.00
62825.40
63042.30
63255.60
63464.40
63669.60
63871.20
64068.30
64261.80
64450.80
64636.20
64817.10
64994.40
65168.10
65338.20
65503.80
65666.70
65825.10
65979.00
66130.20

66276.90
66420.00
66560.40
66695.40
66827.70
66956.40
67081.50
67203.00
67320.00
67434.30
67545.00
67652.10
67755.60

67855.50
67951.80
68044.50
68134.50
68220.00
68302.80
68382.90
68458.50
68531.40
68600.70
68667.30

68730.30
68790.60
68846.40
68900.40
68950.80
68998.50
69042.60
69084.00
69122.70
69157.80
69189.30

69218.10
69244.20

69268.50
69289.20
69309.00
69325.20
69337.80
69345.90
69348.60
69347.70
69345.90
69343.20
69339.60

69336.00
69335.10
69335.10
69335.10
69335.10
69335.10
69335.10
69335.10
69335.10
69335.10
69335.10
69335.10
69335.10
69335.10
69335.10
69335.10
69335.10
69335.10
69335.10
69335.10
69335.10
69335.10
69335.10
69335.10