1.80
1
.80
1.80
2.70

3.60
4.50
5.
40
5.40
7.20

8.10
9.00
9.90

11.70
15.30

27.00
42.30
6
2.10
84.60
111
.60
144.90
183
.60
226.80
274.50

326.70
382.50

443.70
508.50

577.80
651.60

729.90
811.80

897.30
988.2
0
1082.70
1194
.30
1310.40
14
31.90
1557.90

1689.30
1826.10

1967.40
2114
.10
2265.30
24
21.90
2583.00

2749.50
2921.40
3
096.90
3277
.80
3464.10
3654.9
0
3850.20
4050
.90
4256.10
44
66.70
4680.90

4901.40
5125.5
0
5355.00
5589
.00
5827.50
60
71.40
6319.80

6571.80
6830.1
0
7092.00
7358
.40
7630.20
7906.5
0
8187.30

8472.60
8761.5
0
9049.50
9333
.00
9612.90
9889.2
0
10161.90
10
460.70
10755.90

11044.80
1133
1.00
11612.70

11889.00
12162
.60
12430.80
1
2694.50
12954.6
0
13210.20
134
61.30
13708.80

13951.80
1419
1.20
14425.20

14656.50
14882.40

15105.60
1
5323.40
15537.60
1
5748.20
15954.3
0
16156.80
163
54.80
16549.20

16740.00
1692
6.30
17109.00

17287.20
17461.
80
17632.80
1
7800.20
17963.1
0
18122.40
182
78.10
18430.20

18577.80
1872
2.70
18863.10
1899
9.90
19133.
10
19262.70
19
388.70
19511.10
1
9629.00
19744.2
0
19855.80
199
63.80
20068.20

20169.00
2026
6.20
20359.80

20450.70
20538.
00
20620.80
20
700.90
20778.3
0
20852.10
209
22.30
20989.80

21052.80
21113
.10
21171.60

21225.60
21276.
00
21324.60
21369.
60
21411.00
21
449.70
21485.7
0
21519.00
215
49.60
21575.70

21600.00
21620
.70
21637.80

21653.10
21666.
60
21677.40
21
685.50
21691.80

21692.70
216
90.90
21688.20

21687.30
21687
.30
21687.30
21687
.30
21687.3
0
21687.30
21687.
30
21687.30
21
687.30
21687.30

21687.30
216
87.30
21687.30

21687.30
21687
.30
21687.30
2
1687.30
21687.3
0
21687.30
21
687.30
21687.30

21687.30
2168
7.30
21687.30

21687.30
21687
.30
21687.30
2
1687.30
21687.30
2
1687.30
21687.3
0
21687.30
21
687.30
21687.30

21687.30
2168
7.30
21687.30

21687.30
21687
.30
21687.30
2
1687.30
21687.3
0
21687.30
216
87.30
21687.30

21687.30
2168
7.30
21687.30

21687.30
21687.
30
21687.30
21687
.30
21687.30
2
1687.30
21687.3
0
21687.30
216
87.30
21687.30

21687.30
2168
7.30
21687.30

21687.30
21687.
30
21687.30
2
1687.30
21687.3
0
21687.30
216
87.30
21687.30

21687.30
2168
7.30
21687.30

21687.30
21687.
30
21687.30
21687.
30
21687.30
2
1687.30
21687.3
0
21687.30
216
87.30
21687.30

21687.30
2168
7.30
21687.30

21687.30
21687.
30
21687.30
21
687.30
21687.3
0
21687.30
216
87.30
21687.30

21687.30
21687
.30
21687.30
2168
7.30
21687.
30
21687.30
21688.
20
21693.60
21
703.50
21718.8
0
21742.20
217
71.90
21807.90

21852.00
21904
.20
21961.80

22027.50
22099.
50
22177.80
22
264.20
22356.00

22455.00
225
60.30
22672.80
227
91.60
22916
.70
23047.20
23184
.90
23328.
90
23479.20
23634.
90
23796.90
23
957.10
24114.60

24266.70
244
16.10
24561.00

24702.30
24840
.00
24974.10
2
5104.60
25230.
60
25353.90
25
472.70
25588.80

25700.40
2580
8.40
25913.70

26015.40
26112
.60
26207.10
26298
.00
26385.30
2
6469.00
26549.1
0
26626.50
26
700.30
26771.40

26838.00
2690
1.90
26963.10

27020.70
27075
.60
27126.90
2
7174.60
27219.6
0
27261.90
273
01.50
27337.50

27370.80
2740
0.50
27428.40
2745
2.70
27474.
30
27492.30
27505
.80
27517.50
2
7526.50
27529.2
0
27529.20
275
26.50
27523.80

27520.20
2751
9.30
27519.30

27519.30
27519.
30
27519.30
2
7519.30
27519.3
0
27519.30
275
19.30
27519.30
275
19.30
2751
9.30
27519.30
2751
9.30
27519.
30
27519.30
27519.
30
27519.30
2
7519.30
27519.3
0
27519.30
275
19.30
27519.30

27519.30
2751
9.30
27519.30

27519.30
27519.
30
27519.30
27
519.30
27519.3
0
27519.30
275
19.30
27519.30

27519.30
27519
.30
27519.30

27519.30
27519.
30
27519.30
27519.
30
27519.30
27
519.30
27519.3
0
27519.30
275
19.30
27519.30

27519.30
27519
.30
27519.30

27519.30
27519.
30
27519.30
27
519.30
27519.30

27519.30
27519.30
2
7519.30

27519.30
27519.30

27519.30
27519
.30
27519.30

27519.30
27519.
30
27519.30
27
519.30
27519.30

27519.30
275
19.30
27519.30

27519.30
27519
.30
27519.30
2
7519.30
27519.
30
27519.30
27
519.30
27519.30

27519.30
2751
9.30
27519.30

27519.30
27519.30

27519.30
27519
.30
27519.30
2
7519.30
27519.
30
27519.30
27
519.30
27519.30

27519.30
2751
9.30
27519.30

27519.30
27519
.30
27519.30
2
7519.30
27519.3
0
27519.30
275
19.30
27519.30

27519.30
2751
9.30
27519.30
2751
9.30
27519.30

27519.30
27519
.30
27519.30
2
7519.30
27519.3
0
27519.30
275
19.30
27519.30

27519.30
2751
9.30
27519.30

27519.30
27519.
30
27519.30
2
7519.30
27519.3
0
27520.20
275
26.50
27537.30

27555.30
27581.40

27615.60

27657.00
27705.60

27759.60
27821.
70
27890.10
2
7965.70
28048.5
0
28137.60
282
33.00
28335.60

28444.50
2855
9.70
28681.20

28809.00
28943.
10
29078.10
29
209.50
29337.3
0
29460.60
295
81.20
29697.30

29809.80
29919
.60
30024.90
3012
6.60
30225.60

30320.10
30411.
90
30500.10
30
584.70
30665.7
0
30744.00
308
17.80
30888.90

30957.30
31021
.20
31083.30

31140.90
31195.
80
31248.00
31
296.60
31342.50

31384.80
314
25.30
31461.30
314
94.60
31524.30

31552.20
31577
.40
31599.90

31619.70
31635.
90
31646.70
31
655.70
31663.80

31667.40
316
67.40
31665.60

31663.80
31662
.90
31662.90
3
1662.90
31662.
90
31662.90
31
662.90
31662.90

31662.90
3166
2.90
31662.90

31662.90
31662.90

31662.90
31662
.90
31662.90
3
1662.90
31662.
90
31662.90
31
662.90
31662.90

31662.90
3166
2.90
31662.90

31662.90
31662
.90
31662.90
3
1662.90
31662.9
0
31662.90
316
62.90
31662.90

31662.90
3166
2.90
31662.90
3166
2.90
31662.90

31662.90
31662
.90
31662.90
3
1662.90
31662.9
0
31662.90
316
62.90
31662.90

31662.90
3166
2.90
31662.90

31662.90
31662.
90
31662.90
3
1662.90
31662.9
0
31662.90
31662.9
0
31662.90

31662.90
3166
2.90
31662.90
3166
2.90
31662.90

31662.90
31662.
90
31662.90
3
1662.90
31662.9
0
31662.90
316
62.90
31662.90

31662.90
3166
2.90
31662.90

31662.90
31662.
90
31662.90
31
662.90
31662.9
0
31662.90
316
62.90
31662.90

31662.90
31662.90

31662.90
3166
2.90
31662.90

31662.90
31662.
90
31662.90
31
662.90
31662.9
0
31662.90
316
62.90
31662.90

31662.90
31662
.90
31662.90

31662.90
31662.
90
31662.90
31
662.90
31662.90

31662.90
316
62.90
31662.90

31662.90
31662.90

31662.90
31662
.90
31662.90

31662.90
31662.
90
31662.90
31
662.90
31662.90

31662.90
316
62.90
31662.90

31662.90
31662
.90
31662.90
3
1662.90
31662.
90
31662.90
31
662.90
31662.90

31662.90
31662.90

31662.90

31662.90
31662
.90
31662.90
31662
.90
31662.90
3
1662.90
31662.
90
31662.90
31
662.90
31662.90

31662.90
3166
2.90
31662.90

31662.90
31662
.90
31662.90
3
1662.90
31662.9
0
31662.90
31
662.90
31662.90
31
662.90
31662.90

31662.90
3166
2.90
31662.90

31662.90
31662
.90
31662.90
3
1662.90
31662.9
0
31662.90
31
662.90
31662.90

31662.90
3166
2.90
31662.90

31662.90
31662.
90
31662.90
3
1662.90
31662.9
0
31662.90
316
62.90
31662.90

31662.90
3166
2.90
31662.90
3166
2.90
31662.90

31662.90
31662.
90
31662.90
3
1662.90
31662.9
0
31662.90
316
62.90
31662.90

31662.90
3166
2.90
31662.90

31662.90
31662.
90
31662.90
31
662.90
31662.9
0
31662.90
316
62.90
31662.90

31662.90
31662.90

31662.90
3166
2.90
31662.90

31662.90
31662.
90
31662.90
31
662.90
31662.9
0
31662.90
316
62.90
31662.90

31662.90
31662
.90
31662.90

31662.90
31662.
90
31662.90
31
662.90
31662.90

31662.90
316
62.90
31662.90

31664.70
31672.80

31687.20
31708
.80
31737.60

31773.60
31815.
90
31865.40
31
922.10
31986.00

32056.20
321
33.60
32217.30

32308.20
32406
.30
32509.80
3
2620.50
32737.
50
32860.80
32
990.40
33126.30

33261.30
3339
1.80
33519.60
336
42.90
33762.60

33878.70
33991
.20
34101.00
3
4206.30
34308.
00
34406.10
34
501.50
34592.40

34680.60
3476
5.20
34846.20

34923.60
34998
.30
35069.40
3
5136.00
35200.8
0
35262.00
35
320.50
35375.40
35
426.70
35475.30

35520.30
3556
3.50
35603.10

35639.10
35672
.40
35703.00
3
5730.90
35755.2
0
35776.80
35
793.90
35808.30

35819.10
3582
6.30
35832.60

35838.90
35841.
60
35840.70
3
5839.80
35838.9
0
35838.90
358
38.90
35838.90
35
838.90
35838.90

35838.90
3583
8.90
35838.90

35838.90
35838
.90
35838.90
3
5838.90
35838.9
0
35838.90
358
38.90
35838.90

35838.90
3583
8.90
35838.90

35838.90
35838.
90
35838.90
35
838.90
35838.9
0
35838.90
35838.9
0
35838.90
358
38.90
35838.90

35838.90
3583
8.90
35838.90

35838.90
35838.
90
35838.90
35
838.90
35838.9
0
35838.90
358
38.90
35838.90

35838.90
35838
.90
35838.90

35838.90
35838.
90
35838.90
35
838.90
35838.90
35
838.90
35838.9
0
35838.90

35838.90
35838.90

35838.90
35838
.90
35838.90

35838.90
35838.
90
35838.90
35
838.90
35838.90

35838.90
358
38.90
35838.90

35838.90
35838
.90
35838.90
3
5838.90
35838.
90
35838.90
35
838.90
35838.90

35838.90
35838.90

35838.90
358
38.90
35838.90

35838.90
35838
.90
35838.90
3
5838.90
35838.
90
35838.90
35
838.90
35838.90

35838.90
3583
8.90
35838.90

35838.90
35838
.90
35838.90
3
5838.90
35838.9
0
35844.30
35856.
00
35876.70

35903.70
35938.80

35981.10
3602
8.80
36083.70

36145.80
36215
.10
36290.70
3
6372.60
36461.7
0
36557.10
36
659.70
36768.60

36882.90
3700
4.40
37132.20

37266.30
37406
.70
37552.50
3
7705.50
37863.9
0
38028.60
381
96.90
38360.70

38520.00
38676.60

38828.70
3897
7.20
39121.20

39262.50
39399
.30
39532.50
3
9662.10
39788.1
0
39910.50
400
28.40
40143.60

40254.30
4036
2.30
40465.80

40566.60
40663.
80
40757.40
40
846.50
40932.9
0
41016.60
41095.8
0
41172.30
412
45.20
41315.40

41381.10
4144
4.10
41504.40

41561.10
41614.
20
41664.60
41
712.30
41756.4
0
41796.90
418
35.60
41870.70

41902.20
41931
.00
41956.20

41978.70
41999.
40
42017.40
42
033.60
42046.20

42056.10
42062.4
0
42066.00
420
65.10
42063.30

42062.40
42062
.40
42062.40

42062.40
42062.
40
42062.40
42
062.40
42062.40

42062.40
420
62.40
42062.40

42062.40
42062
.40
42062.40
4
2062.40
42062.
40
42062.40
42
062.40
42062.40

42062.40
42062.40

42062.40
420
62.40
42062.40

42062.40
42062
.40
42062.40
4
2062.40
42062.
40
42062.40
42
062.40
42062.40

42062.40
4206
2.40
42062.40

42062.40
42062
.40
42062.40
4
2062.40
42062.40
4
2062.40
42062.
40
42062.40
42
062.40
42062.40

42062.40
4206
2.40
42062.40

42062.40
42062
.40
42062.40
4
2062.40
42062.4
0
42062.40
42
062.40
42062.40

42062.40
4206
2.40
42062.40

42062.40
42062
.40
42062.40
4
2062.40
42062.4
0
42062.40
42062.4
0
42062.40
42
062.40
42062.40

42062.40
4206
2.40
42062.40

42062.40
42062
.40
42062.40
4
2062.40
42062.4
0
42062.40
420
62.40
42062.40

42062.40
4206
2.40
42062.40

42062.40
42062.
40
42062.40
42062
.40
42062.40
4
2062.40
42062.4
0
42064.20
420
69.60
42079.50

42095.70
4212
0.00
42150.60

42188.40
42234.
30
42285.60
42
345.00
42410.7
0
42483.60
425
63.70
42650.10

42742.80
42842
.70
42948.90

43061.40
43180.
20
43306.20
43
437.60
43575.30

43719.30
43869.6
0
44017.20
441
61.20
44301.60

44438.40
44571
.60
44700.30

44826.30
44947.
80
45065.70
45
180.00
45291.60

45397.80
455
02.20
45602.10

45698.40
45791
.10
45881.10
4
5966.60
46049.
40
46128.60
46
204.20
46277.10
46
346.40
4641
2.10
46475.10
465
34.50
46590.30

46643.40
46692
.90
46740.60
4
6783.80
46824.
30
46862.10
46
897.20
46928.70

46956.60
4698
0.90
47003.40

47023.20
47040
.30
47055.60
4
7069.10
47079.0
0
47085.30
47
088.00
47088.00
47
088.00
47088.00

47088.00
4708
8.00
47088.00

47088.00
47088
.00
47088.00
4
7088.00
47088.0
0
47088.00
47
088.00
47088.00

47088.00
4708
8.00
47088.00

47088.00
47088
.00
47088.00
47088
.00
47088.0
0
47088.00
470
88.00
47088.00
47
088.00
47088.00

47088.00
4708
8.00
47088.00

47088.00
47088
.00
47088.00
4
7088.00
47088.0
0
47088.00
470
88.00
47088.00

47088.00
4708
8.00
47088.00

47088.00
47088.
00
47088.00
4
7088.00
47088.0
0
47088.00
47088.0
0
47088.00
470
88.00
47088.00

47088.00
4708
8.00
47088.00

47088.00
47088.
00
47088.00
4
7088.00
47088.0
0
47088.00
470
88.00
47088.00

47088.00
47088
.00
47088.00

47088.00
47088.
00
47088.00
47088.
00
47088.00

47088.00
47088.0
0
47088.00
470
88.00
47088.00

47088.00
47088
.00
47088.00

47088.00
47088.
00
47088.00
47
088.00
47088.00

47088.00
470
88.00
47088.00

47088.00
47088
.00
47088.00
4
7088.00
47088.
00
47088.00
47088.
00
47088.00
47
088.00
47088.00

47088.00
470
88.00
47088.00

47088.00
47088
.00
47088.00
4
7088.00
47088.
00
47088.00
47
088.00
47088.00

47088.00
4708
8.00
47088.00

47088.00
47088
.00
47088.00
4
7088.00
47088.0
0
47088.00
47
088.00
47088.00

47088.00
47088.00

47088.00
4708
8.00
47088.00

47088.00
47088
.00
47088.00
4
7088.00
47088.0
0
47088.00
47
088.00
47088.00

47088.00
4708
8.00
47088.00

47088.00
47088
.00
47088.00
4
7088.00
47088.0
0
47088.00
47088.0
0
47088.00

47088.00
47088.00

47088.00
4708
8.00
47088.00

47088.00
47088
.00
47088.00
4
7088.00
47088.0
0
47088.00
470
88.00
47088.00

47088.00
4708
8.00
47088.00

47088.00
47088.00

47088.00
4
7088.00
47088.00
4
7088.00
47088.0
0
47088.00
470
88.00
47088.00

47088.00
4708
8.00
47088.00

47088.00
47088.
00
47088.00
4
7088.00
47088.0
0
47088.00
470
88.00
47088.00

47088.00
4708
8.00
47088.00

47088.00
47088.
00
47088.00
47
088.00
47088.00
4
7088.00
47088.0
0
47088.00
470
88.00
47088.00

47088.00
4708
8.00
47088.00

47090.70
47100.
60
47116.80
47
138.40
47167.20

47203.20
472
46.40
47296.80

47353.50
47417
.40
47488.50
4
7565.90
47650.
50
47741.40
47839.
50
47943.90
48
054.60
48172.50

48295.80
484
25.40
48562.20

48699.90
48834
.00
48964.50
4
9091.40
49213.
80
49333.50
49
448.70
49560.30

49669.20
4977
3.60
49874.40

49972.50
50067
.00
50157.00
5
0244.30
50328.0
0
50408.10
50
485.50
50558.40
50
628.60
50696.10

50760.00
5082
0.30
50877.00

50931.00
50981
.40
51030.00
5
1075.00
51116.4
0
51155.10
51
191.10
51223.50

51253.20
5127
9.30
51301.80

51321.60
51338
.70
51354.90
5
1367.50
51378.30
5
1388.20
51395.4
0
51397.20
51
396.30
51393.60

51391.80
5139
0.00
51390.00

51390.00
51390
.00
51390.00
5
1390.00
51390.0
0
51390.00
513
90.00
51390.00

51390.00
5139
0.00
51390.00

51390.00
51390.
00
51390.00
51390
.00
51390.00
5
1390.00
51390.0
0
51390.00
513
90.00
51390.00

51390.00
5139
0.00
51390.00

51390.00
51390.
00
51390.00
5
1390.00
51390.0
0
51390.00
513
90.00
51390.00

51390.00
5139
0.00
51390.00

51390.00
51390.00

51390.00
51
390.00
51390.00
5
1390.00
51390.0
0
51390.00
513
90.00
51390.00

51390.00
5139
0.00
51390.00

51390.00
51390.
00
51390.00
51
390.00
51390.00

51390.00
513
90.00
51390.00

51390.00
51390
.00
51390.00
5139
0.00
51390.
00
51390.00
51
390.00
51390.00
51
390.00
51390.00

51390.00
513
90.00
51390.00

51390.00
51390
.00
51390.00
5
1390.00
51390.
00
51390.00
51
390.00
51390.00

51390.00
5139
0.00
51390.00

51390.00
51390
.00
51390.00
5
1390.00
51390.0
0
51390.00
51390.
00
51390.00
51
390.00
51390.00

51390.00
5139
0.00
51390.00

51390.00
51390
.00
51390.00
5
1390.00
51390.0
0
51390.00
51
390.00
51390.90

51396.30
5140
7.10
51424.20

51447.60
51478
.20
51515.10
5
1559.20
51610.50
5
1668.10
51733.8
0
51805.80
51
885.00
51970.50

52062.30
5216
1.30
52266.60

52379.10
52497
.00
52622.10
5
2752.60
52889.4
0
53033.40
531
82.80
53338.50

53499.60
5366
7.90
53841.60

54015.30
54185.
40
54351.00
5
4513.00
54670.50
5
4825.30
54975.6
0
55121.40
552
64.50
55403.10

55538.10
5566
9.50
55797.30

55920.60
56041.
20
56157.30
5
6269.80
56379.6
0
56484.90
565
86.60
56685.60

56780.10
5687
1.90
56959.20

57043.80
57124.80

57203.10
57276.
90
57348.00
5
7415.50
57480.3
0
57541.50
575
99.10
57654.00

57706.20
5775
3.90
57798.90

57841.20
57881.
70
57917.70
57
951.00
57980.7
0
58007.70
580
32.00
58054.50

58072.50
58087
.80
58098.60
5
8105.80
58110.
30
58113.00
58114.
80
58115.70
58
116.60
58116.6
0
58116.60
581
16.60
58116.60

58116.60
58116
.60
58116.60
5
8116.60
58116.
60
58116.60
58
116.60
58116.60

58116.60
5811
6.60
58116.60

58116.60
58116
.60
58116.60
5
8116.60
58116.60

58116.60
58116.
60
58116.60
58
116.60
58116.60

58116.60
5811
6.60
58116.60

58116.60
58116
.60
58116.60
5
8116.60
58116.6
0
58116.60
58
116.60
58116.60

58116.60
5811
6.60
58116.60

58116.60
58116.60

58116.60
5
8116.60
58116.60
5
8116.60
58116.6
0
58116.60
58
116.60
58116.60

58116.60
5811
6.60
58116.60

58116.60
58116
.60
58116.60
5
8116.60
58116.6
0
58116.60
581
16.60
58116.60

58116.60
5811
6.60
58116.60

58116.60
58116.
60
58116.60
58116
.60
58116.60
5
8116.60
58116.6
0
58116.60
581
16.60
58116.60

58116.60
5811
6.60
58116.60

58116.60
58116.
60
58116.60
5
8116.60
58116.6
0
58116.60
581
16.60
58116.60

58116.60
5811
6.60
58116.60
5811
6.60
58116.60

58116.60
58116.
60
58116.60
5
8116.60
58116.6
0
58116.60
581
16.60
58116.60

58116.60
5811
6.60
58116.60

58116.60
58116.
60
58116.60
58
118.40
58127.4
0
58140.90
581
62.50
58192.20

58229.10
58273
.20
58323.60

58381.20
58446.00

58516.20
58
595.40
58680.00
58
771.80
58869.9
0
58974.30
590
85.90
59202.90

59327.10
59457
.60
59594.40

59736.60
59886.
00
60040.80
60
201.90
60363.90

60522.30
6067
6.20
60826.50

60973.20
61116
.30
61254.90
61389
.90
61521.3
0
61649.10
61772.
40
61893.00
62
010.00
62122.50

62232.30
6233
7.60
62439.30

62538.30
62632
.80
62724.60
6
2812.80
62897.4
0
62978.40
63
055.80
63130.50

63200.70
6326
9.10
63333.90
6339
5.10
63452.70

63507.60
6
3558.90
63607.50
6
3653.40
63695.7
0
63734.40
63
771.30
63804.60

63835.20
6386
2.20
63885.60

63905.40
63923
.40
63938.70
6
3952.20
63963.0
0
63971.10
639
77.40
63981.00

63986.40
6399
0.00
63990.00

63990.00
63990.
00
63990.00
6
3990.00
63990.00
6
3990.00
63990.0
0
63990.00
639
90.00
63990.00

63990.00
6399
0.00
63990.00

63990.00
63990.
00
63990.00
6
3990.00
63990.0
0
63990.00
639
90.00
63990.00

63990.00
63990.00

63990.00
6399
0.00
63990.00

63990.00
63990.
00
63990.00
6
3990.00
63990.0
0
63990.00
639
90.00
63990.00

63990.00
6399
0.00
63990.00

63990.00
63990.
00
63990.00
63
990.00
63990.0
0
63990.00
63990.0
0
63990.00
639
90.00
63990
.00
63990.00

63990.00
63990.00

63990.00
63990.
00
63990.00
63
990.00
63990.0
0
63990.00
639
90.00
63990.00

63990.00
63990
.00
63990.00

63990.00
63990.
00
63990.00
63
990.00
63990.00

63990.00
639
90.00
63990.00

63990.00
63990.00

63990.00
6
3990.00
63990.00

63990.00
63990.
00
63990.00
63
990.00
63990.00

63990.00
639
90.00
63990.00

63990.00
63990
.00
63990.00
6
3990.00
63990.0
0
63990.00
63
990.00
63990.00

63990.00
63990.00

63990.00

63990.00
63990.00

63990.00
6
3990.00
63990.00
6
3990.00
63990.0
0
63990.00
63
990.00
63990.00

63990.00
6399
0.00
63990.00

63990.00
63990
.00
63990.00
6
3990.00
63990.0
0
63990.00
639
90.00
63990.00

63990.00
6399
0.00
63990.00

63990.00
63990.00

63990.00
63990
.00
63990.00
6
3990.00
63990.0
0
63990.00
639
90.00
63990.00

63990.00
6399
0.00
63990.00

63990.00
63990.
00
63990.00
6
3990.00
63990.0
0
63990.00
639
90.00
63990.00

63990.00
6399
0.00
63990.00

63990.00
63994.50

64003.50
64018.
80
64040.40
6
4068.30
64103.4
0
64145.70
641
95.20
64251.00

64314.00
6438
4.20
64460.70

64544.40
64634.
40
64731.60
64
835.10
64945.8
0
65061.90
651
85.20
65313.90

65443.50
65569
.50
65691.90

65810.70
65925.90

66036.60
66144.
60
66249.00
66
348.90
66446.1
0
66539.70
666
29.70
66716.10

66798.90
66879
.00
66955.50

67028.40
67097.
70
67164.30
67
227.30
67287.60

67343.40
673
97.40
67447.80
674
94.60
67538.70

67580.10
6
7618.80
67653.90

67685.40
67714.
20
67740.30
67
764.60
67785.30

67802.40
678
15.90
67824.90

67831.20
67836
.60
67840.20
6
7841.10
67840.2
0
67840.20
67
840.20
67840.20

67840.20
6784
0.20
67840.20

67840.20
67840
.20
67840.20
67840
.20
67840.20
6
7840.20
67840.
20
67840.20
67
840.20
67840.20

67840.20
6784
0.20
67840.20

67840.20
67840
.20
67840.20
6
7840.20
67840.2
0
67840.20
678
40.20
67840.20

67840.20
67840.20

67840.20

67840.20
67840.20

67840.20
6
7840.20
67840.20
6
7840.20
67840.2
0
67840.20
678
40.20
67840.20

67840.20
6784
0.20
67840.20

67840.20
67840.
20
67840.20
6
7840.20
67840.2
0
67840.20
678
40.20
67840.20
678
40.20
6784
0.20
67840.20

67840.20
67840.20

67840.20
67840.
20
67840.20
6
7840.20
67840.2
0
67840.20
678
40.20
67840.20

67840.20
6784
0.20
67840.20

67840.20
67840.
20
67840.20
67
840.20
67840.2
0
67840.20
678
40.20
67840.20

67840.20
67840
.20
67840.20

67840.20
67840.20

67840.20
67840.
20
67840.20
67
840.20
67840.2
0
67840.20
678
40.20
67840.20

67840.20
67840
.20
67840.20

67840.20
67840.
20
67840.20
67
840.20
67840.20
67
840.20
678
40.20
67840.20
678
40.20
67840
.20
67840.20
67840
.20
67840.20

67840.20
67840.
20
67840.20
67
840.20
67840.20

67840.20
678
40.20
67840.20

67840.20
67840
.20
67840.20
6
7840.20
67840.
20
67840.20
67
840.20
67840.20

67840.20
6784
0.20
67840.20

67840.20
67840.20

67840.20
67840
.20
67840.20
6
7840.20
67840.
20
67840.20
67
840.20
67840.20

67840.20
6784
0.20
67840.20

67840.20
67840
.20
67840.20
6
7840.20
67840.2
0
67840.20
678
40.20
67840.20

67840.20
6784
0.20
67840.20
6784
0.20
67840.20

67840.20
67840
.20
67840.20
6
7840.20
67840.2
0
67840.20
678
40.20
67840.20

67840.20
6784
3.80
67851.00

67864.50
67886.
10
67915.80
6
7952.70
67996.8
0
68047.20
681
04.80
68169.60
682
40.70
6831
9.00
68404.50
6849
6.30
68594.40

68699.70
68810.
40
68928.30
6
9053.40
69183.9
0
69319.80
694
63.80
69612.30

69764.40
6991
2.90
70057.80

70198.20
70335.
00
70468.20
70
597.80
70722.9
0
70845.30
709
63.20
71078.40

71189.10
71296.20

71400.60
7150
0.50
71596.
80
71690.40
71780.
40
71865.90
71
948.70
72027.9
0
72104.40
721
76.40
72245.70

72312.30
72374
.40
72434.70

72490.50
72543.
60
72593.10
72
640.80
72684.90
72
725.40
72762.3
0
72797.40
728
29.80
72857.70

72882.90
72904
.50
72923.40

72940.50
72954.
90
72967.50
72
976.50
72985.50

72992.70
729
95.40
72993.60

72991.80
72990
.00
72990.00
7
2990.00
72990.
00
72990.00
72
990.00
72990.00

72990.00
7299
0.00
72990.00

72990.00
72990.00

72990.00
72990
.00
72990.00
7
2990.00
72990.
00
72990.00
72
990.00
72990.00

72990.00
7299
0.00
72990.00

72990.00
72990
.00
72990.00
7
2990.00
72990.0
0
72990.00
729
90.00
72990.00

72990.00
72990.00

72990.00

72990.00
72990.00

72990.00
72990
.00
72990.00
7
2990.00
72990.0
0
72990.00
729
90.00
72990.00

72990.00
7299
0.00
72990.00

72990.00
72990.
00
72990.00
7
2990.00
72990.0
0
72990.00
729
90.00
72990.00

72990.00
7299
0.00
72990.00
7299
0.00
72990.00

72990.00
72990.
00
72990.00
7
2990.00
72990.0
0
72990.00
729
90.00
72990.00

72990.00
7299
0.00
72990.00

72990.00
72990.
00
72990.00
72
990.00
72990.0
0
72990.00
729
90.00
72990.00

72990.00
72990.00

72990.00
7299
0.00
72990.00

72990.00
72990.
00
72990.00
72
990.00
72990.0
0
72990.00
729
90.00
72990.00

72990.00
72990
.00
72990.00

72990.00
72990.
00
72990.00
72
994.50
73004.40

73020.60
730
43.10
73071.90

73107.90
73151.10

73200.60
7
3257.30
73321.20

73393.20
73470.
60
73554.30
73
646.10
73743.30

73847.70
739
58.40
74076.30

74197.80
74316
.60
74432.70
7
4544.30
74652.
30
74756.70
74
857.50
74954.70

75048.30
7513
8.30
75225.60
753
08.40
75388.50

75465.00
75538
.80
75608.10
7
5674.70
75738.
60
75798.00
75
854.70
75909.60

75960.00
7600
6.80
76051.80

76093.20
76131
.00
76165.20
7
6197.60
76227.3
0
76255.20
76
278.60
76297.50
76314.60
76328.10
76339.80
76347.00
76349.70

76350.60
76350.60
76350.60
76350.60
76350.60
76350.60
76350.60

76350.60
76350.60
76350.60
76350.60
76350.60
76350.60
76350.60

76350.60
76350.60
76350.60
76350.60
76350.60
76350.60
76350.60

76350.60
76350.60
76350.60
76350.60
76350.60
76350.60
76350.60

76350.60
76350.60
76350.60
76350.60
76350.60
76350.60
76350.60

76350.60
76350.60
76350.60
76350.60
76350.60
76350.60
76350.60

76350.60
76350.60
76350.60
76350.60
76350.60
76350.60
76350.60

76350.60
76350.60
76350.60
76350.60
76350.60
76350.60
76350.60

76350.60
76350.60
76350.60
76350.60
76350.60
76350.60
76350.60

76350.60
76350.60
76350.60
76350.60
76350.60
76350.60
76350.60

76350.60
76350.60
76350.60
76350.60
76350.60
76350.60
76350.60

76350.60
76350.60
76350.60
76350.60
76350.60
76350.60
76350.60

76350.60
76350.60
76350.60
76350.60
76350.60
76350.60
76350.60

76350.60
76350.60
76350.60
76350.60
76350.60
76350.60
76350.60

76350.60
76350.60
76350.60
76350.60
76350.60
76350.60
76350.60

76350.60
76350.60
76350.60
76350.60
76350.60
76353.30
76365.
00
76385.70
76
413.60
7644
7.80
76488.30
7653
6.00
76590.90

76653.00
76722
.30
76797.90
7
6880.70
76969.8
0
77066.10
77
166.90
77265.00

77360.40
7745
1.30
77539.50

77623.20
77705.
10
77782.50
7
7856.30
77927.4
0
77994.90
78059.7
0
78120.90

78178.50
7823
3.40
78284.70
7833
3.30
78378.30

78421.50
78461
.10
78497.10
7
8530.40
78561.0
0
78588.90
786
13.20
78633.90

78651.90
78665.40
78678.00
78687.00
78694.20
78698.70
78700.50
78700.50
78700.50

78700.50
78700.50
78700.50
78700.50
78700.50
78700.50
78700.50
78700.50

78700.50
78700.50
78700.50
78700.50
78700.50
78700.50
78700.50
78700.50

78700.50
78700.50
78700.50
78700.50
78700.50
78700.50
78700.50
78700.50

78700.50
78700.50
78700.50
78700.50
78700.50
78700.50
78700.50
78700.50

78700.50
78700.50
78700.50
78700.50
78700.50
78700.50
78700.50
78700.50

78700.50
78700.50
78700.50
78700.50
78700.50
78700.50
78700.50
78700.50

78700.50
78700.50
78700.50
78700.50
78700.50
78700.50
78700.50
78700.50

78700.50
78700.50
78700.50
78700.50
78700.50
78700.50
78700.50
78700.50

78700.50
78700.50
78700.50
78700.50
78700.50
78700.50
78700.50
78700.50

78700.50
78700.50
78700.50
78700.50
78700.50
78700.50
78700.50
78700.50

78700.50
78700.50
78700.50
78700.50
78700.50
78700.50
78700.50
78704.10

78716.70
7873
5.60
78763.50

78797.70
78838
.20
78885.00
7
8939.90
79001.1
0
79069.50
791
45.10
79227.00

79316.10
7941
1.50
79514.10

79622.10
79737.
30
79858.80
79
987.50
80115.30
8
0240.40
80361.9
0
80478.90
805
93.20
80703
.00
80810.10
8091
2.70
81012.60

81108.00
81200.
70
81289.80
81
375.30
81457.2
0
81536.40
816
12.00
81684.00

81752.40
81818
.10
81880.20

81938.70
81995.40

82048.50
82
098.00
82143.90

82188.00
82227.6
0
82264.50
822
98.70
82330.20

82359.90
82386.00
82407.60
82427.40
82443.60
82457.10
82467.00
82473.30
82476.90
82477.80
82477.80
82477.80
82477.80
82477.80
82477.80
82477.80
82477.80
82477.80
82477.80
82477.80
82477.80
82477.80
82477.80
82477.80
82477.80
82477.80
82477.80
82477.80
82477.80
82477.80
82477.80
82477.80
82477.80
82477.80
82477.80
82477.80
82477.80
82477.80
82477.80
82477.80
82477.80
82477.80
82477.80
82477.80
82477.80
82477.80
82477.80
82477.80
82477.80

82477.80
82477.80
82477.80
82477.80
82477.80
82477.80
82477.80
82477.80
82477.80
82477.80
82477.80
824
77.80
82481.40

82494.00
82513
.80
82540.80

82575.00
82614.
60
82662.30
82
717.20
82779.30

82847.70
829
23.30
83006.10
830
95.20
83190.60

83293.20
83402
.10
83518.20

83639.70
83767.
50
83901.60
84
034.80
84164.40

84289.50
844
11.00
84529.80

84644.10
84754
.80
84861.90
8
4966.30
85066.
20
85162.50
85255.
20
85345.20
85
431.60
85513.50

85593.60
856
69.20
85742.10

85811.40
85877
.10
85939.20
8
5999.50
86056.
20
86109.30
86
158.80
86205.60

86248.80
8629
0.20
86328.90

86364.00
86395
.50
86424.30
86449.50
86473.80
86494.50
86511.60
86525.10
86535.00
86540.40
86543.10
86543.10
86543.10
86543.10
86543.10
86543.10
86543.10
86543.10
86543.10
86543.10
86543.10
86543.10
86543.10
86543.10
86543.10
86543.10
86543.10
86543.10
86543.10
86543.10
86543.10
86543.10
86543.10
86543.10
86543.10
86543.10
86543.10
86543.10
86543.10
86543.10
86543.10
86543.10
86543.10
86543.10
86544.90
86553.90
86570.10
86592.60
86623.20
86661.90
86707.80
86759.10
86818.50
86884.20
86957.10
87036.30
87123.60
87216.30
87316.20
87422.40
87535.80
87654.60
87780.60
87912.00
88050.60
88195.50
88345.80
88502.40
88665.30
88834.50
89010.00
89191.80
89379.00
89572.50
89772.30
89977.50
90189.00
90406.80
90630.00
90859.50
91095.30
91336.50
91584.00
91836.90
92096.10
92360.70
92631.60
92907.90

93189.60
93477.60
93771.00
94070.70
94375.80
94687.20
95003.10
95325.30
95652.90
95985.90
96325.20
96669.00
97019.10

97374.60
97736.40
98102.70
98470.80
98833.50
99191.70
99546.30
99895.50
100239.30
100612.80
100981.80
101343.60
101700.90
102052.80
102398.40
102739.50
103075.20
103404.60
103729.50
104049.00
104363.10
104671.80
104975.10
105273.90

105566.40
105854.40
106137.00
106415.10
106687.80
106955.10
107217.90
107475.30
107728.20
107975.70

108217.80
108456.30
108688.50
108917.10
109139.40
109358.10
109571.40
109780.20
109983.60

110182.50
110376.90
110566.80
110751.30
110932.20
111107.70
111278.70
111445.20
111607.20
111764.70

111917.70
112066.20
112210.20
112349.70
112484.70
112615.20
112741.20
112863.60
112981.50
113094.90
113203.80
113309.10
113409.90
113507.10
113598.90
113688.00
113772.60
113852.70
113929.20

114001.20
114070.50
114135.30
114196.50
114254.10
114306.30
114356.70
114403.50
114445.80
114484.50
114519.60
114551.10
114580.80
114604.20
114624.00
114641.10
114652.80
114660.90
114664.50
114666.30
114666.30
114666.30
114666.30
114666.30
114666.30
114666.30
114666.30
114666.30
114666.30
114666.30
114666.30
114666.30
114666.30
114666.30
114666.30
114666.30
114666.30
114666.30
114666.30
114666.30
114666.30
114666.30
114666.30
114666.30
114666.30
114666.30
114666.30
114666.30
114666.30
114666.30
114666.30
114666.30
114666.30
114666.30
114666.30
114666.30
114666.30
114666.30
114666.30

114666.30
114666.30
114666.30
114671.70
114686.10
114710.40
114743.70
114786.00
114835.50
114894.00
114961.50
115036.20
115120.80
115212.60
115312.50
115420.50
115537.50
115661.70
115793.10
115932.60
116080.20
116235.00
116389.80
116540.10
116685.90

116827.20
116964.00
117097.20
117225.00
117349.20
117468.00
117583.20
117694.80
117801.00
117903.60
118001.70
118096.20
118186.20
118271.70
118353.60
118431.90
118505.70
118575.90
118641.60

118703.70
118762.20
118817.10
118868.40
118916.10
118959.30
118998.00
119034.90
119068.20
119098.80

119124.00
119145.60
119163.60
119178.90
119189.70
119196.00
119199.60
119200.50
119200.50
119200.50
119200.50
119200.50
119200.50
119200.50
119200.50
119200.50
119200.50
119200.50
119200.50
119200.50
119200.50
119200.50
119200.50
119200.50
119200.50
119200.50
119200.50
119200.50
119200.50
119200.50
119200.50
119200.50
119200.50
119200.50
119200.50
119200.50
119200.50
119200.50
119200.50
119200.50
119200.50
119200.50
119200.50
119200.50
119200.50
119200.50
119200.50
119200.50
119200.50
119200.50
119200.50
119200.50
119200.50
119200.50
119200.50
119200.50
119200.50
119200.50
119200.50
119200.50
119200.50
119200.50
119200.50
119200.50
119200.50
119200.50
119200.50
119200.50
119200.50
119200.50
119200.50
119200.50
119200.50
119200.50
119200.50
119200.50
119200.50
119200.50
119200.50
119200.50
119200.50
119200.50
119200.50
119200.50
119200.50
119200.50
119200.50
119200.50
119200.50
119200.50
119200.50
119205.00
119220.30

119244.60
119277.00
119316.60
119365.20
119422.80
119489.40
119564.10
119646.90
119737.80
119837.70

119944.80
120060.00
120183.30
120314.70
120453.30
120600.00
120753.90
120915.90
121084.20

121250.70
121412.70
121570.20
121723.20
121871.70
122015.70
122155.20
122291.10
122421.60
122547.60

122670.00
122787.90
122901.30
123010.20
123115.50
123216.30
123312.60
123405.30
123493.50
123578.10
123658.20
123734.70
123806.70
123875.10
123940.80
124001.10
124057.80
124111.80
124161.30

124207.20
124249.50
124289.10
124324.20
124354.80
124381.80
124405.20
124425.90
124444.80
124460.10

124473.60
124482.60
124487.10
124487.10
124487.10
124487.10
124487.10
124487.10
124487.10
124487.10
124487.10
124487.10
124487.10
124487.10
124487.10
124487.10
124487.10
124487.10
124487.10
124487.10
124487.10
124487.10
124487.10
124487.10
124487.10
124487.10
124487.10
124487.10
124487.10
124487.10
124487.10
124487.10
124487.10
124487.10
124487.10
124487.10
124487.10
124487.10
124487.10
124487.10
124487.10
124487.10
124487.10
124487.10
124487.10
124487.10
124487.10
124487.10
124487.10
124487.10
124487.10
124487.10
124487.10
124487.10
124487.10
124487.10
124487.10
124487.10
124487.10
124487.10
124487.10
124487.10
124487.10
124487.10
124487.10
124487.10
124487.10
124487.10
124487.10
124487.10
124487.10
124487.10
124487.10
124487.10
124487.10
124487.10
124487.10
124489.80
124501.50
124519.50
124545.60
124580.70
124623.90
124676.10
124736.40
124804.80
124882.20
124967.70
125061.30
125163.00
125273.70
125391.60

125516.70
125650.80
125791.20
125940.60
126097.20
126261.00
126432.00
126611.10
126797.40
126990.90
127192.50
127400.40
127616.40
127839.60
128070.00
128307.60
128552.40
128796.30
129034.80

129268.80
129497.40
129721.50
129941.10
130154.40
130364.10
130569.30
130769.10
130964.40
131154.29

131340.59
131521.50
131697.89
131869.79
132037.20
132200.09
132357.59
132511.50
132660.89
132805.79
132946.20
133081.20
133213.50
133340.39
133462.79
133581.59
133695.89
133805.70
133911.00

134012.70
134109.89
134203.50
134292.59
134377.20
134458.20
134535.59
134608.50
134677.79
134743.50
134804.70
134862.29
134917.20
134967.59
135013.50
135056.70
135097.20
135132.29
135163.79

135191.70
135216.00
135238.50
135258.29
135275.39
135288.00
135296.09
135301.50
135303.29

135303.29

135303.29

135303.29

135303.29

135303.29

135303.29

135303.29

135303.29

135303.29

135303.29

135303.29

135303.29

135303.29

135303.29

135303.29

135303.29

135303.29

135303.29

135303.29

135303.29

135303.29

135303.29

135303.29
135303.29
135303.29
135303.29
135303.29
135303.29
135306.00
135313.20
135326.70
135349.20

135380.70
135420.29
135468.89
135525.59
135590.39
135665.09
135747.00
135837.89
135936.00

136043.09
136158.29
136280.70
136411.20
136549.79
136695.59
136846.79
136995.29
137140.20
137278.79
137414.70
137545.20
137671.20
137793.59
137910.59
138024.00
138132.89
138238.20
138339.00
138435.29
138528.00
138616.20
138700.79
138780.89
138857.39
138929.39
138997.79
139062.59
139123.79

139180.50
139233.59
139284.00
139329.89
139372.20
139410.89
139446.00
139477.50
139503.59
139527.89
139548.59
139567.50
139582.79
139597.20
139605.29
139609.79
139609.79
139608.89
139608.89
139608.89
139608.89
139608.89
139608.89
139608.89
139608.89
139608.89
139608.89
139608.89
139608.89
139608.89
139608.89
139608.89
139608.89
139608.89
139608.89
139608.89
139608.89
139608.89
139608.89
139608.89
139608.89
139608.89