-43316.10
-43316.10
-43316.10
-43363.80
-43554.60
-43866.00
-44247.60
-44670.60
-45117.00
-45576.00
-46044.00
-46517.40
-46994.40
-47471.40
-47950.20
-48430.80
-48913.20
-49390.20
-49872.60
-50353.20
-50835.60
-51318.00
-51800.40
-52279.20
-52750.80
-53217.00
-53677.80
-54131.40
-54579.60
-55022.40
-55459.80
-55890.00
-56314.80
-56730.60
-57144.60
-57551.40
-57952.80
-58348.80
-58740.30
-59124.60
-59504.40
-59878.80
-60247.80
-60611.40
-60967.80
-61320.60
-61668.00
-62008.20
-62344.80
-62674.20
-63000.00
-63320.40
-63635.40
-63945.00
-64248.30
-64547.10
-64841.40
-65129.40
-65412.00
-65691.00
-65964.60
-66232.80
-66495.60
-66753.00
-67006.80
-67255.20
-67498.20
-67735.80
-67969.80
-68197.50
-68421.60
-68639.40
-68853.60
-69063.30
-69267.60
-69467.40
-69661.80
-69852.60
-70038.00
-70219.80
-70396.20
-70567.20
-70734.60
-70896.60
-71055.00
-71209.80
-71358.30
-71503.20
-71643.60
-71778.60
-71910.00
-72037.80
-72160.20
-72279.00
-72392.40
-72502.20
-72608.40
-72709.20
-72806.40
-72900.00
-72989.10
-73073.70
-73154.70
-73231.20
-73305.00
-73373.40
-73438.20
-73499.40
-73557.00
-73611.00
-73660.50
-73708.20
-73749.60
-73789.20
-73823.40
-73855.80
-73884.60
-73909.80
-73929.60
-73945.80
-73958.40
-73966.50
-73971.00
-73974.60
-73980.00
-73982.70
-73982.70
-73982.70
-73982.70
-73982.70
-73982.70
