-134764.20
-134764.20
-134764.20
-134771.39
-134906.39
-135203.39
-135603.00
-136060.20
-136546.20
-137048.39
-137561.39
-138079.79
-138601.79
-139125.59
-139647.59
-140173.20
-140698.79
-141226.20
-141751.79
-142279.20
-142801.20
-143316.00
-143825.39
-144325.79
-144819.00
-145306.79
-145787.39
-146260.79
-146727.00
-147186.00
-147639.59
-148086.00
-148525.20
-148959.00
-149385.59
-149805.00
-150219.00
-150625.79
-151025.39
-151419.59
-151806.59
-152188.20
-152564.39
-152931.59
-153295.20
-153651.59
-154000.79
-154344.59
-154681.20
-155014.20
-155338.20
-155658.59
-155971.79
-156277.79
-156580.20
-156875.39
-157163.39
-157447.79
-157725.00
-157996.79
-158261.39
-158522.39
-158776.20
-159024.59
-159267.59
-159505.20
-159737.39
-159962.39
-160183.79
-160398.00
-160606.79
-160810.20
-161008.20
-161200.79
-161388.00
-161569.79
-161746.20
-161917.20
-162082.79
-162243.00
-162397.79
-162547.20
-162691.20
-162831.59
-162964.79
-163093.50
-163216.79
-163335.59
-163449.00
-163557.00
-163661.39
-163759.50
-163853.09
-163942.20
-164025.00
-164105.09
-164179.79
-164250.00
-164314.79
-164375.09
-164431.79
-164484.00
-164530.79
-164574.00
-164613.59
-164646.89
-164676.59
-164701.79
-164724.29
-164743.20
-164759.39
-164772.00
-164779.20
-164781.00
-164781.00
-164781.00
-164781.00
-164781.00
-164781.00
