-104878.80
-104878.80
-104878.80
-104891.40
-105046.20
-105357.60
-105766.20
-106225.20
-106714.80
-107218.80
-107731.80
-108250.20
-108772.20
-109296.00
-109819.80
-110345.40
-110871.00
-111398.40
-111924.00
-112451.40
-112975.20
-113491.80
-113999.40
-114501.60
-114998.40
-115486.20
-115968.60
-116443.80
-116911.80
-117372.60
-117828.00
-118274.40
-118715.40
-119149.20
-119577.60
-119998.80
-120412.80
-120819.60
-121221.00
-121615.20
-122004.00
-122385.60
-122760.00
-123129.00
-123492.60
-123849.00
-124198.20
-124542.00
-124878.60
-125209.80
-125535.60
-125854.20
-126165.60
-126473.40
-126772.20
-127067.40
-127355.40
-127638.00
-127913.40
-128185.20
-128449.80
-128707.20
-128961.00
-129207.60
-129447.90
-129682.80
-129912.30
-130136.40
-130354.20
-130566.60
-130771.80
-130973.40
-131167.79
-131358.59
-131542.20
-131720.39
-131893.20
-132060.59
-132222.59
-132379.20
-132530.39
-132676.20
-132816.59
-132951.59
-133083.00
-133207.20
-133326.89
-133441.20
-133551.00
-133655.39
-133754.39
-133849.79
-133938.00
-134022.59
-134102.70
-134177.39
-134248.50
-134314.20
-134375.39
-134431.20
-134483.39
-134532.00
-134575.20
-134614.79
-134649.00
-134678.70
-134704.79
-134728.20
-134744.39
-134757.00
-134762.39
-134764.20
-134764.20
-134764.20
-134764.20
-134764.20
-134764.20
