-695815.18
-695815.18
-695815.18
-695833.18
-695997.00
-696317.37
-696731.37
-697195.81
-697685.37
-698193.00
-698707.81
-699226.18
-699750.00
-700275.56
-700801.18
-701326.81
-701854.18
-702381.56
-702910.81
-703436.37
-703958.37
-704475.00
-704979.00
-705481.18
-705976.18
-706464.00
-706944.56
-707419.81
-707887.75
-708350.37
-708805.75
-709254.00
-709695.00
-710132.37
-710560.75
-710983.75
-711399.56
-711810.00
-712215.00
-712612.75
-713005.18
-713390.37
-713768.37
-714142.75
-714510.00
-714870.00
-715226.37
-715573.75
-715917.56
-716254.18
-716585.37
-716910.25
-717229.75
-717543.00
-717850.75
-718151.37
-718447.50
-718738.18
-719022.56
-719299.75
-719573.37
-719840.68
-720102.56
-720358.18
-720608.37
-720853.18
-721092.56
-721326.56
-721555.18
-721778.37
-721996.18
-722207.68
-722413.75
-722615.37
-722811.56
-723002.37
-723187.75
-723367.75
-723542.37
-723711.56
-723877.18
-724035.56
-724190.37
-724338.87
-724482.87
-724621.50
-724755.56
-724884.25
-725007.56
-725126.37
-725240.68
-725349.56
-725454.00
-725553.00
-725648.37
-725737.50
-725823.00
-725904.00
-725979.56
-726051.56
-726118.18
-726180.25
-726238.75
-726292.75
-726343.18
-726388.18
-726429.56
-726465.56
-726498.00
-726526.75
-726552.00
-726574.50
-726592.50
-726606.00
-726613.18
-726611.37
-726607.75
-726604.18
-726604.18
-726604.18
-726604.18
-726604.18
-726604.18
