-6156.00
-6156.00
-6156.00
-6157.80
-6166.80
-6184.80
-6210.00
-6240.60
-6276.60
-6319.80
-6370.20
-6426.00
-6489.00
-6558.30
-6633.90
-6715.80
-6804.00
-6898.50
-6998.40
-7105.50
-7218.00
-7335.90
-7460.10
-7590.60
-7725.60
-7866.00
-8013.60
-8166.60
-8324.10
-8487.00
-8656.20
-8830.80
-9009.00
-9181.80
-9351.00
-9517.50
-9679.50
-9837.00
-9991.80
-10143.00
-10305.00
-10461.60
-10614.60
-10762.20
-10906.20
-11044.80
-11179.80
-11311.20
-11437.20
-11559.60
-11678.40
-11791.80
-11901.60
-12007.80
-12108.60
-12205.80
-12299.40
-12389.40
-12474.00
-12556.80
-12634.20
-12708.00
-12776.40
-12843.00
-12906.00
-12963.60
-13019.40
-13069.80
-13116.60
-13159.80
-13201.20
-13239.00
-13271.40
-13300.20
-13326.30
-13348.80
-13366.80
-13383.00
-13396.50
-13408.20
-13414.50
-13415.40
-13410.90
-13407.30
-13406.40
-13406.40
-13406.40
-13406.40
-13406.40
-13406.40
