-569176.18
-569176.18
-569176.18
-569190.56
-569350.81
-569667.56
-570079.81
-570542.37
-571032.00
-571537.81
-572052.56
-572572.81
-573091.18
-573613.18
-574138.81
-574664.37
-575191.81
-575719.18
-576246.56
-576772.18
-577299.56
-577827.00
-578354.37
-578878.18
-579394.81
-579904.18
-580406.37
-580903.18
-581392.81
-581875.18
-582352.18
-582822.00
-583284.56
-583741.81
-584191.81
-584634.56
-585072.00
-585502.18
-585927.00
-586344.56
-586756.81
-587161.81
-587561.37
-587953.81
-588340.81
-588720.56
-589095.00
-589464.00
-589825.81
-590182.18
-590531.37
-590875.18
-591213.56
-591546.56
-591872.37
-592192.81
-592506.87
-592815.56
-593118.00
-593415.00
-593706.56
-593991.00
-594270.87
-594545.37
-594813.56
-595076.37
-595332.87
-595584.00
-595830.56
-596070.00
-596305.81
-596534.37
-596759.37
-596977.18
-597189.56
-597398.37
-597600.00
-597797.06
-597988.81
-598175.06
-598356.00
-598532.37
-598703.37
-598869.00
-599028.31
-599184.00
-599333.37
-599478.31
-599617.81
-599752.81
-599882.37
-600008.37
-600127.18
-600242.37
-600352.18
-600458.37
-600559.18
-600654.56
-600745.50
-600831.87
-600913.81
-600991.18
-601063.18
-601131.56
-601195.50
-601254.00
-601309.81
-601362.00
-601407.00
-601450.18
-601488.00
-601522.18
-601551.00
-601576.18
-601597.81
-601614.00
-601630.18
-601641.00
-601647.31
-601651.81
-601653.56
-601655.37
-601657.18
-601660.81
-601660.81
-601660.81
-601660.81
-601660.81
-601660.81
