-411676.18
-411676.18
-411676.18
-411678.00
-411780.59
-412051.50
-412437.59
-412885.78
-413364.59
-413866.78
-414378.00
-414896.37
-415414.78
-415935.00
-416460.59
-416986.18
-417510.00
-418035.59
-418564.78
-419086.78
-419612.37
-420138.00
-420667.18
-421189.18
-421704.00
-422211.59
-422715.59
-423212.37
-423700.18
-424182.59
-424657.78
-425127.59
-425590.18
-426045.59
-426495.59
-426938.37
-427374.00
-427804.18
-428227.18
-428644.78
-429055.18
-429460.18
-429858.00
-430248.59
-430635.59
-431013.59
-431388.00
-431755.18
-432115.18
-432469.78
-432819.00
-433161.00
-433497.59
-433828.78
-434152.78
-434472.28
-434784.59
-435092.37
-435393.00
-435688.18
-435977.09
-436260.59
-436537.78
-436810.50
-437076.00
-437337.00
-437592.59
-437841.87
-438085.78
-438323.37
-438557.37
-438784.18
-439005.59
-439221.59
-439432.18
-439637.37
-439837.18
-440031.59
-440220.59
-440405.09
-440584.18
-440757.00
-440924.37
-441088.18
-441244.78
-441397.78
-441545.37
-441687.59
-441824.37
-441955.78
-442082.68
-442204.18
-442321.18
-442433.68
-442540.78
-442643.37
-442740.59
-442832.37
-442920.59
-443003.37
-443082.59
-443156.37
-443225.68
-443291.37
-443351.68
-443407.50
-443458.78
-443507.37
-443550.59
-443588.37
-443622.59
-443655.00
-443682.00
-443705.37
-443721.59
-443736.00
-443745.00
-443748.59
-443748.59
-443748.59
-443748.59
-443748.59
-443748.59
