-726604.18
-726604.18
-726604.18
-726621.25
-726784.18
-727102.75
-727515.00
-727977.56
-728469.00
-728973.00
-729487.75
-730008.00
-730531.75
-731055.56
-731581.18
-732108.56
-732636.00
-733163.37
-733687.18
-734214.56
-734742.00
-735269.37
-735791.37
-736304.37
-736812.00
-737312.37
-737807.37
-738295.18
-738775.75
-739249.18
-739717.18
-740178.00
-740631.56
-741079.75
-741520.75
-741956.37
-742384.75
-742806.00
-743223.56
-743632.18
-744035.37
-744433.18
-744823.75
-745209.00
-745587.00
-745959.56
-746325.00
-746685.87
-747039.56
-747388.75
-747730.75
-748067.37
-748396.75
-748721.68
-749039.37
-749352.56
-749659.50
-749961.00
-750256.18
-750545.06
-750828.56
-751107.56
-751379.37
-751645.75
-751906.75
-752162.37
-752412.56
-752657.37
-752896.75
-753129.00
-753357.56
-753579.87
-753796.75
-754009.18
-754214.37
-754416.00
-754612.18
-754803.00
-754987.50
-755168.37
-755343.00
-755512.18
-755676.00
-755836.18
-755989.18
-756138.56
-756282.56
-756421.18
-756556.18
-756684.87
-756808.18
-756927.87
-757042.18
-757152.00
-757256.37
-757355.37
-757450.75
-757540.75
-757627.18
-757708.18
-757784.68
-757855.75
-757924.18
-757987.18
-758046.56
-758100.56
-758151.00
-758196.00
-758239.18
-758277.00
-758311.18
-758340.00
-758363.37
-758383.18
-758402.06
-758415.56
-758428.18
-758434.50
-758433.56
-758429.06
-758426.37
-758426.37
-758426.37
-758426.37
-758426.37
-758426.37
