-73982.70
-73982.70
-73982.70
-74050.20
-74259.90
-74584.80
-74975.40
-75403.80
-75852.00
-76314.60
-76780.80
-77256.00
-77733.00
-78211.80
-78692.40
-79174.80
-79655.40
-80137.80
-80620.20
-81102.60
-81585.00
-82069.20
-82551.60
-83028.60
-83498.40
-83964.60
-84423.60
-84877.20
-85325.40
-85766.40
-86203.80
-86632.20
-87057.00
-87476.40
-87888.60
-88295.40
-88698.60
-89094.60
-89485.20
-89870.40
-90250.20
-90622.80
-90991.80
-91355.40
-91713.60
-92066.40
-92413.80
-92754.00
-93090.60
-93421.80
-93747.60
-94068.00
-94384.80
-94694.40
-94998.60
-95299.20
-95594.40
-95882.40
-96168.60
-96447.60
-96721.20
-96991.20
-97254.90
-97515.00
-97768.80
-98019.00
-98262.90
-98503.20
-98737.20
-98967.60
-99192.60
-99413.10
-99628.20
-99839.70
-100045.80
-100265.40
-100479.60
-100688.40
-100891.80
-101089.80
-101280.60
-101467.80
-101649.60
-101825.10
-101995.20
-102160.80
-102321.00
-102475.80
-102625.20
-102771.00
-102909.60
-103043.70
-103172.40
-103296.60
-103416.30
-103530.60
-103639.50
-103743.00
-103842.90
-103937.40
-104027.40
-104112.00
-104193.00
-104268.60
-104340.60
-104407.20
-104468.40
-104526.00
-104579.10
-104628.60
-104673.60
-104713.20
-104749.20
-104780.70
-104808.60
-104833.80
-104851.80
-104867.10
-104876.10
-104878.80
-104878.80
-104878.80
-104878.80
-104878.80
-104878.80
