106558.20
106558.20
106558.20
106551.00
106536.60
106513.20
106479.00
106435.80
106384.50
106324.20
106254.00
106176.60
106089.30
105994.80
105890.40
105778.80
105660.00
105532.20
105397.20
105255.00
105103.80
104947.20
104781.60
104608.80
104428.80
104241.60
104047.20
103845.60
103636.80
103420.80
103198.50
102970.80
102740.40
102508.20
102274.20
102040.20
101804.40
101568.60
101332.80
101097.00
100861.20
100625.40
100387.80
100152.00
99916.20
99702.00
99487.80
99271.80
99057.60
98843.40
98627.40
98413.20
98198.10
97983.00
97768.80
97552.80
97338.60
97124.40
96908.40
96694.20
96480.00
96264.00
96049.80
95835.60
95620.50
95405.40
95191.20
94975.20
94761.00
94546.80
94330.80
94116.60
93902.40
93686.40
93472.20
93257.10
93042.00
92827.80
92612.70
92397.60
92182.50
91967.40
91753.20
91537.20
91323.00
91107.00
90892.80
90677.70
90462.60
90248.40
90032.40
89818.20
89602.20
89388.00
89172.90
88957.80
88743.60
88527.60
88313.40
88097.40
87883.20
87668.10
87453.00
87238.80
87022.80
86807.70
86592.60
86378.40
86162.40
85948.20
85732.20
85518.00
85302.00
85087.80
84872.70
84657.60
84443.40
84227.40
84013.20
83797.20
83583.00
83367.00
83152.80
82936.80
82722.60
82506.60
82292.40
82076.40
81862.20
81646.20
81432.00
81216.00
81000.90
80785.80
80570.70
80355.60
80141.40
79925.40
79711.20
79495.20
79279.20
79065.00
78849.00
78634.80
78418.80
78204.60
77988.60
77774.40
77558.40
77343.30
77128.20
76913.10
76698.00
76482.00
76267.80
76051.80
75837.60
75621.60
75407.40
75191.40
74975.40
74761.20
74545.20
74331.00
74115.00
73900.80
73684.80
73468.80
73254.60
73038.60
72824.40
72608.40
72392.40
72178.20
71962.20
71748.00
71532.00
71316.00
71101.80
70885.80
70671.60
70455.60
70239.60
70025.40
69809.40
69595.20
69379.20
69163.20
68949.00
68733.00
68518.80
68302.80
68086.80
67872.60
67656.60
67442.40
67226.40
67010.40
66796.20
66580.20
66365.10
66150.00
65934.00
65719.80
65503.80
65287.80
65073.60
64857.60
64642.50
64426.50
64211.40
63995.40
63781.20
63565.20
63349.20
63135.00
62919.00
62703.00
62488.80
62272.80
62058.60
61842.60
61626.60
61412.40
61196.40
60980.40
60766.20
60550.20
60335.10
60120.00
59904.00
59688.00
59473.80
59257.80
59041.80
58827.60
58611.60
58395.60
58181.40
57965.40
57751.20
57535.20
57319.20
57105.00
56889.00
56673.00
56457.90
56242.80
56026.80
55811.70
55596.60
55380.60
55166.40
54950.40
54734.40
54520.20
54304.20
54088.20
53874.00
53658.00
53442.90
53226.90
53011.80
52795.80
52580.70
52365.60
52149.60
51935.40
51719.40
51503.40
51289.20
51073.20
50857.20
50641.20
50427.00
50216.40
50009.40
49807.80
49612.50
49422.60
49236.30
49055.40
48880.80
48709.80
48544.20
48384.00
48227.40
48078.00
47931.30
47790.00
47653.20
47521.80
47394.00
47271.60
47153.70
47040.30
46931.40
46826.10
46726.20
46630.80
46539.00
46450.80
46368.00
46288.80
46213.20
46142.10
46074.60
46011.60
45950.40
45894.60
45842.40
45792.00
45747.00
45703.80
45666.00
45630.00
45597.60
45569.70
45545.40
45523.80
45505.80
45489.60
45477.00
45466.20
45459.00
45454.50
45452.70
45451.80
45451.80
45451.80
45451.80
45451.80
45451.80
