154564.20
154564.20
154564.20
154558.79
154540.79
154513.79
154476.00
154431.00
154377.00
154315.79
154244.70
154165.50
154078.20
153981.89
153878.39
153765.89
153646.20
153518.39
153383.39
153241.20
153090.00
152933.39
152767.79
152595.89
152416.79
152229.59
152037.00
151835.39
151628.39
151414.20
151192.79
150967.79
150739.20
150508.79
150278.39
150045.29
149812.20
149580.00
149345.09
149111.09
148877.09
148642.20
148408.20
148174.20
147938.39
147704.39
147470.39
147234.59
147000.59
146764.79
146530.79
146295.89
146061.00
145825.20
145591.20
145355.39
145121.39
144885.59
144651.59
144415.79
144181.79
143946.00
143710.20
143476.20
143240.39
143005.50
142770.59
142534.79
142299.89
142065.00
141829.20
141595.20
141359.39
141123.59
140887.79
140652.89
140418.00
140182.20
139946.39
139710.59
139476.59
139240.79
139005.00
138769.20
138533.39
138298.50
138063.59
137827.79
137592.00
137356.20
137120.39
136885.50
136650.59
136414.79
136179.00
135943.20
135707.39
135471.59
135235.79
135000.00
134764.20
134528.39
134292.59
134056.79
133821.00
133585.20
133350.29
133113.59
132877.79
132643.79
132406.20
132170.39
131936.39
131698.79
131463.00
131228.09
130991.40
130755.60
130519.80
130284.00
130048.20
129812.40
129576.60
129340.80
129105.00
128868.30
128633.40
128396.70
128160.00
127924.20
127688.40
127452.60
127216.80
126981.00
126745.20
126509.40
126271.80
126036.00
125800.20
125564.40
125328.60
125092.80
124856.10
124619.40
124383.60
124147.80
123912.00
123676.20
123438.60
123202.80
122967.00
122731.20
122495.40
122259.60
122022.00
121786.20
121550.40
121314.60
121078.80
120842.10
120605.40
120369.60
120133.80
119898.00
119662.20
119424.60
119188.80
118953.00
118717.20
118479.60
118244.70
118008.00
117772.20
117536.40
117298.80
117063.00
116827.20
116591.40
116355.60
116118.90
115882.20
115646.40
115410.60
115173.00
114937.20
114701.40
114465.60
114229.80
113992.20
113756.40
113520.60
113283.90
113047.20
112811.40
112575.60
112338.00
112102.20
111866.40
111630.60
111394.80
111164.40
110941.20
110725.20
110512.80
110309.40
110109.60
109918.80
109731.60
109551.60
109377.00
109209.60
109046.70
108891.00
108739.80
108594.00
108455.40
108321.30
108193.50
108070.20
107953.20
107841.60
107735.40
107632.80
107537.40
107446.50
107360.10
107278.20
107202.60
107130.60
107064.00
107001.00
106941.60
106887.60
106837.20
106792.20
106750.80
106714.80
106682.40
106651.80
106624.80
106603.20
106586.10
106574.40
106567.20
106560.00
106557.30
106558.20
106558.20
106558.20
106558.20
106558.20
106558.20
