78226.20
78226.20
78226.20
78227.10
78233.40
78244.20
78264.00
78290.10
78325.20
78368.40
78420.60
78478.20
78544.80
78619.50
78699.60
78787.80
78884.10
78987.60
79096.50
79212.60
79336.80
79466.40
79603.20
79747.20
79896.60
80053.20
80215.20
80386.20
80560.80
80744.40
80931.60
81127.80
81327.60
81532.80
81739.80
81948.60
82158.30
82368.00
82578.60
82789.20
83001.60
83212.20
83422.80
83635.20
83845.80
84058.20
84268.80
84479.40
84691.80
84902.40
85114.80
85325.40
85537.80
85748.40
85960.80
86171.40
86382.90
86594.40
86806.80
87017.40
87229.80
87440.40
87652.80
87863.40
88075.80
88286.40
88497.90
88709.40
88920.90
89132.40
89343.90
89555.40
89767.80
89978.40
90190.80
90401.40
90612.90
90824.40
91035.90
91247.40
91459.80
91670.40
91882.80
92093.40
92305.80
92516.40
92728.80
92939.40
93151.80
93363.30
93574.80
93787.20
93997.80
94209.30
94420.80
94632.30
94843.80
95056.20
95266.80
95479.20
95689.80
95902.20
96113.70
96325.20
96537.60
96748.20
96960.60
97172.10
97383.60
97596.00
97806.60
98019.00
98230.50
98442.00
98654.40
98865.90
99077.40
99288.90
99500.40
99712.80
99924.30
100135.80
100368.90
100602.00
100834.20
101067.30
101300.40
101532.60
101766.60
101998.80
102231.90
102465.00
102699.00
102931.20
103163.40
103397.40
103629.60
103863.60
104095.80
104328.00
104562.00
104794.20
105027.30
105260.40
105492.60
105726.60
105958.80
106192.80
106425.00
106658.10
106891.20
107123.40
107357.40
107589.60
107823.60
108055.80
108288.00
108522.00
108754.20
108987.30
109220.40
109454.40
109686.60
109919.70
110152.80
110385.00
110619.00
110851.20
111085.20
111317.40
111550.50
111783.60
112015.80
112249.80
112482.00
112716.00
112948.20
113182.20
113414.40
113646.60
113880.60
114112.80
114346.80
114579.00
114812.10
115045.20
115278.30
115511.40
115744.50
115977.60
116209.80
116443.80
116676.00
116909.10
117142.20
117374.40
117608.40
117841.50
118074.60
118306.80
118540.80
118773.00
119007.00
119239.20
119472.30
119705.40
119938.50
120171.60
120404.70
120637.80
120870.00
121104.00
121336.20
121570.20
121802.40
122035.50
122268.60
122502.60
122734.80
122967.90
123201.00
123433.20
123667.20
123899.40
124133.40
124365.60
124599.60
124831.80
125065.80
125298.00
125532.00
125764.20
125997.30
126230.40
126464.40
126696.60
126929.70
127162.80
127395.00
127629.00
127861.20
128095.20
128327.40
128561.40
128793.60
129027.60
129259.80
129492.90
129726.00
129958.20
130192.20
130425.30
130658.40
130891.50
131124.59
131356.79
131590.79
131823.00
132057.00
132289.20
132523.20
132755.39
132989.39
133221.59
133453.79
133687.79
133920.00
134154.00
134386.20
134620.20
134852.39
135086.39
135318.59
135552.59
135784.79
136017.00
136251.00
136483.20
136717.20
136949.39
137181.59
137413.79
137646.00
137878.20
138110.39
138342.59
138573.89
138807.00
139039.20
139270.50
139503.59
139735.79
139968.00
140200.20
140432.39
140666.39
140898.59
141130.79
141363.89
141597.00
141829.20
142061.39
142295.39
142527.59
142759.79
142993.79
143226.00
143458.20
143691.29
143924.39
144156.59
144389.70
144622.79
144855.89
145089.00
145321.20
145555.20
145787.39
146019.59
146253.59
146485.79
146718.89
146952.00
147184.20
147418.20
147650.39
147882.59
148116.59
148348.79
148582.79
148815.00
149048.09
149281.20
149511.59
149736.59
149956.20
150168.59
150376.50
150579.00
150775.20
150966.00
151151.39
151331.39
151506.00
151675.20
151838.09
151997.39
152149.50
152297.09
152440.20
152577.00
152709.29
152836.20
152958.59
153075.59
153188.09
153295.20
153397.79
153495.89
153588.59
153676.79
153760.50
153840.59
153914.39
153984.59
154051.20
154113.29
154171.79
154225.79
154275.29
154321.20
154364.39
154402.20
154436.39
154466.09
154493.09
154517.39
154535.39
154551.59
154560.59
154564.20
154565.09
154564.20
154564.20
154564.20
154564.20
154564.20
154564.20
