4.50
5.40
5.40
7.20
7.20
9.00
16.20
27.00
44.10
64.80
89.10
117.00
153.00
194.40
240.30
291.60
347.40
406.80
473.40
541.80
615.60
694.80
777.60
865.80
956.70
1053.00
1166.40
1284.30
1407.60
1537.20
1672.20
1810.80
1956.60
2106.00
2260.80
2421.00
2586.60
2757.60
2932.20
3112.20
3295.80
3481.20
3668.40
3855.60
4042.80
4231.80
4420.80
4609.80
4798.80
4987.80
5178.60
5367.60
5556.60
5745.60
5935.50
6124.50
6314.40
6503.40
6692.40
6881.40
7072.20
7261.20
7450.20
7641.00
7830.00
8019.00
8208.90
8398.80
8587.80
8778.60
8967.60
9157.50
9346.50
9536.40
9725.40
9916.20
10105.20
10315.80
10527.30
10737.90
10949.40
11160.00
11370.60
11581.20
11791.80
12003.30
12213.90
12425.40
12636.00
12846.60
13058.10
13269.60
13480.20
13690.80
13901.40
14113.80
14324.40
14535.00
14745.60
14957.10
15168.60
15379.20
15589.80
15800.40
16012.80
16223.40
16434.00
16646.40
16857.00
17067.60
17279.10
17490.60
17701.20
17912.70
18124.20
18334.80
18547.20
18757.80
18968.40
19180.80
19391.40
19602.00
19812.60
20025.00
20235.60
20446.20
20656.80
20867.40
21078.90
21289.50
21501.00
21711.60
21922.20
22133.70
22344.30
22555.80
22766.40
22977.00
23189.40
23400.00
23611.50
23823.00
24033.60
24246.00
24456.60
24667.20
24878.70
25090.20
25300.80
25513.20
25723.80
25935.30
26146.80
26357.40
26569.80
26780.40
26991.90
27203.40
27414.90
27626.40
27837.90
28049.40
28260.00
28472.40
28683.00
28895.40
29106.00
29318.40
29529.00
29739.60
29952.00
30162.60
30375.00
30585.60
30798.00
31008.60
31220.10
31431.60
31642.20
31854.60
32065.20
32277.60
32488.20
32699.70
32911.20
33121.80
33334.20
33544.80
33757.20
33967.80
34180.20
34390.80
34603.20
34813.80
35026.20
35236.80
35449.20
35659.80
35871.30
36082.80
36293.40
36505.80
36716.40
36928.80
37139.40
37351.80
37562.40
37774.80
37985.40
38197.80
38408.40
38620.80
38831.40
39043.80
39254.40
39465.00
39677.40
39888.00
40098.60
40310.10
40521.60
40732.20
40944.60
41155.20
41367.60
41578.20
41789.70
42001.20
42212.70
42424.20
42634.80
42847.20
43057.80
43270.20
43480.80
43693.20
43903.80
44115.30
44326.80
44537.40
44749.80
44960.40
45172.80
45383.40
45594.90
45806.40
46017.00
46229.40
46440.00
46652.40
46863.00
47073.60
47286.00
47496.60
47708.10
47919.60
48130.20
48342.60
48553.20
48763.80
48975.30
49186.80
49398.30
49609.80
49820.40
50032.80
50243.40
50455.80
50666.40
50878.80
51089.40
51301.80
51512.40
51723.90
51935.40
52146.00
52358.40
52569.00
52781.40
52992.00
53204.40
53415.00
53626.50
53838.00
54049.50
54261.00
54472.50
54684.00
54895.50
55107.00
55317.60
55530.00
55740.60
55953.00
56163.60
56376.00
56586.60
56799.00
57009.60
57222.00
57432.60
57645.00
57855.60
58068.00
58278.60
58491.00
58701.60
58914.00
59124.60
59336.10
59547.60
59760.00
59970.60
60183.00
60393.60
60606.00
60816.60
61029.00
61239.60
61452.00
61662.60
61875.00
62085.60
62298.00
62508.60
62721.00
62931.60
63144.00
63354.60
63567.00
63777.60
63990.00
64200.60
64413.00
64624.50
64836.00
65046.60
65259.00
65469.60
65682.00
65892.60
66105.00
66315.60
66528.00
66739.50
66951.00
67162.50
67374.00
67585.50
67797.00
68007.60
68220.00
68432.40
68643.00
68855.40
69066.00
69278.40
69489.00
69701.40
69912.00
70124.40
70336.80
70547.40
70759.80
70970.40
71182.80
71393.40
71605.80
71816.40
72028.80
72239.40
72451.80
72662.40
72874.80
73085.40
73294.20
73496.70
73694.70
73888.20
74077.20
74260.80
74440.80
74615.40
74784.60
74950.20
75111.30
75267.00
75420.00
75566.70
75709.80
75848.40
75982.50
76113.00
76237.20
76359.60
76476.60
76588.20
76697.10
76802.40
76902.30
76998.60
77090.40
77179.50
77263.20
77344.20
77419.80
77493.60
77562.90
77628.60
77689.80
77749.20
77803.20
77855.40
77904.00
77949.00
77990.40
78028.20
78064.20
78094.80
78123.60
78148.80
78171.30
78192.00
78207.30
78219.00
78229.80
78234.30
78233.40
78231.60
78229.80
78227.10
78226.20
78226.20
78226.20
78226.20
78226.20
