0.90
0.90
1.80
1.80
1.80
2.70
3.60
3.60
4.50
5.40
5.40
7.20
7.20
9.00
16.20
27.00
44.10
64.80
89.10
117.00
153.00
194.40
240.30
291.60
347.40
406.80
473.40
541.80
615.60
694.80
777.60
865.80
956.70
1053.00
1166.40
1284.30
1407.60
1537.20
1672.20
1810.80
1956.60
2106.00
2260.80
2421.00
2586.60
2757.60
2932.20
3112.20
3295.80
3481.20
3668.40
3855.60
4042.80
4231.80
4420.80
4609.80
4798.80
4987.80
5178.60
5367.60
5556.60
5745.60
5935.50
6124.50
6314.40
6503.40
6692.40
6881.40
7072.20
7261.20
7450.20
7641.00
7830.00
8019.00
8208.90
8398.80
8587.80
8778.60
8967.60
9157.50
9346.50
9536.40
9725.40
9916.20
10105.20
10315.80
10527.30
10737.90
10949.40
11160.00
11370.60
11581.20
11791.80
12003.30
12213.90
12425.40
12636.00
12846.60
13058.10
13269.60
13480.20
13690.80
13901.40
14113.80
14324.40
14535.00
14745.60
14957.10
15168.60
15379.20
15589.80
15800.40
16012.80
16223.40
16434.00
16646.40
16857.00
17067.60
17279.10
17490.60
17701.20
17912.70
18124.20
18334.80
18547.20
18757.80
18968.40
19180.80
19391.40
19602.00
19812.60
20025.00
20235.60
20446.20
20656.80
20867.40
21078.90
21289.50
21501.00
21711.60
21922.20
22133.70
22344.30
22555.80
22766.40
22977.00
23189.40
23400.00
23611.50
23823.00
24033.60
24246.00
24456.60
24667.20
24878.70
25090.20
25300.80
25513.20
25723.80
25935.30
26146.80
26357.40
26569.80
26780.40
26991.90
27203.40
27414.90
27626.40
27837.90
28049.40
28260.00
28472.40
28683.00
28895.40
29106.00
29318.40
29529.00
29739.60
29952.00
30162.60
30375.00
30585.60
30798.00
31008.60
31220.10
31431.60
31642.20
31854.60
32065.20
32277.60
32488.20
32699.70
32911.20
33121.80
33334.20
33544.80
33757.20
33967.80
34180.20
34390.80
34603.20
34813.80
35026.20
35236.80
35449.20
35659.80
35871.30
36082.80
36293.40
36505.80
36716.40
36928.80
37139.40
37351.80
37562.40
37774.80
37985.40
38197.80
38408.40
38620.80
38831.40
39043.80
39254.40
39465.00
39677.40
39888.00
40098.60
40310.10
40521.60
40732.20
40944.60
41155.20
41367.60
41578.20
41789.70
42001.20
42212.70
42424.20
42634.80
42847.20
43057.80
43270.20
43480.80
43693.20
43903.80
44115.30
44326.80
44537.40
44749.80
44960.40
45172.80
45383.40
45594.90
45806.40
46017.00
46229.40
46440.00
46652.40
46863.00
47073.60
47286.00
47496.60
47708.10
47919.60
48130.20
48342.60
48553.20
48763.80
48975.30
49186.80
49398.30
49609.80
49820.40
50032.80
50243.40
50455.80
50666.40
50878.80
51089.40
51301.80
51512.40
51723.90
51935.40
52146.00
52358.40
52569.00
52781.40
52992.00
53204.40
53415.00
53626.50
53838.00
54049.50
54261.00
54472.50
54684.00
54895.50
55107.00
55317.60
55530.00
55740.60
55953.00
56163.60
56376.00
56586.60
56799.00
57009.60
57222.00
57432.60
57645.00
57855.60
58068.00
58278.60
58491.00
58701.60
58914.00
59124.60
59336.10
59547.60
59760.00
59970.60
60183.00
60393.60
60606.00
60816.60
61029.00
61239.60
61452.00
61662.60
61875.00
62085.60
62298.00
62508.60
62721.00
62931.60
63144.00
63354.60
63567.00
63777.60
63990.00
64200.60
64413.00
64624.50
64836.00
65046.60
65259.00
65469.60
65682.00
65892.60
66105.00
66315.60
66528.00
66739.50
66951.00
67162.50
67374.00
67585.50
67797.00
68007.60
68220.00
68432.40
68643.00
68855.40
69066.00
69278.40
69489.00
69701.40
69912.00
70124.40
70336.80
70547.40
70759.80
70970.40
71182.80
71393.40
71605.80
71816.40
72028.80
72239.40
72451.80
72662.40
72874.80
73085.40
73294.20
73496.70
73694.70
73888.20
74077.20
74260.80
74440.80
74615.40
74784.60
74950.20
75111.30
75267.00
75420.00
75566.70
75709.80
75848.40
75982.50
76113.00
76237.20
76359.60
76476.60
76588.20
76697.10
76802.40
76902.30
76998.60
77090.40
77179.50
77263.20
77344.20
77419.80
77493.60
77562.90
77628.60
77689.80
77749.20
77803.20
77855.40
77904.00
77949.00
77990.40
78028.20
78064.20
78094.80
78123.60
78148.80
78171.30
78192.00
78207.30
78219.00
78229.80
78234.30
78233.40
78231.60
78229.80
78227.10
78226.20
78226.20
78226.20
78226.20
78226.20
78226.20
78226.20
78226.20
78226.20
78226.20
78226.20
78226.20
78226.20
78226.20
78226.20
78226.20
78226.20
78226.20
78226.20
78226.20
78226.20
78226.20
78226.20
78226.20
78226.20
78226.20
78226.20
78226.20
78226.20
78226.20
78226.20
78226.20
78226.20
78226.20
78226.20
78226.20
78226.20
78226.20
78226.20
78226.20
78226.20
78226.20
78226.20
78226.20
78226.20
78226.20
78226.20
78226.20
78226.20
78226.20
78226.20
78226.20
78226.20
78226.20
78226.20
78226.20
78226.20
78226.20
78226.20
78226.20
78226.20
78226.20
78226.20
78226.20
78226.20
78226.20
78226.20
78226.20
78226.20
78226.20
78226.20
78226.20
78226.20
78226.20
78226.20
78226.20
78226.20
78226.20
78226.20
78226.20
78226.20
78226.20
78226.20
78226.20
78226.20
78226.20
78226.20
78226.20
78226.20
78226.20
78226.20
78226.20
78226.20
78226.20
78226.20
78226.20
78226.20
78226.20
78226.20
78226.20
78226.20
78226.20
78226.20
78226.20
78226.20
78226.20
78226.20
78226.20
78226.20
78226.20
78226.20
78226.20
78226.20
78226.20
78226.20
78226.20
78226.20
78226.20
78226.20
78226.20
78226.20
78226.20
78226.20
78226.20
78226.20
78226.20
78226.20
78226.20
78226.20
78226.20
78226.20
78226.20
78226.20
78226.20
78226.20
78226.20
78226.20
78226.20
78226.20
78226.20
78226.20
78226.20
78226.20
78226.20
78226.20
78226.20
78226.20
78226.20
78226.20
78226.20
78226.20
78226.20
78226.20
78226.20
78226.20
78226.20
78226.20
78226.20
78226.20
78226.20
78226.20
78226.20
78226.20
78226.20
78226.20
78226.20
78226.20
78226.20
78226.20
78226.20
78226.20
78226.20
78226.20
78226.20
78226.20
78226.20
78226.20
78226.20
78226.20
78226.20
78226.20
78226.20
78226.20
78227.10
78233.40
78244.20
78264.00
78290.10
78325.20
78368.40
78420.60
78478.20
78544.80
78619.50
78699.60
78787.80
78884.10
78987.60
79096.50
79212.60
79336.80
79466.40
79603.20
79747.20
79896.60
80053.20
80215.20
80386.20
80560.80
80744.40
80931.60
81127.80
81327.60
81532.80
81739.80
81948.60
82158.30
82368.00
82578.60
82789.20
83001.60
83212.20
83422.80
83635.20
83845.80
84058.20
84268.80
84479.40
84691.80
84902.40
85114.80
85325.40
85537.80
85748.40
85960.80
86171.40
86382.90
86594.40
86806.80
87017.40
87229.80
87440.40
87652.80
87863.40
88075.80
88286.40
88497.90
88709.40
88920.90
89132.40
89343.90
89555.40
89767.80
89978.40
90190.80
90401.40
90612.90
90824.40
91035.90
91247.40
91459.80
91670.40
91882.80
92093.40
92305.80
92516.40
92728.80
92939.40
93151.80
93363.30
93574.80
93787.20
93997.80
94209.30
94420.80
94632.30
94843.80
95056.20
95266.80
95479.20
95689.80
95902.20
96113.70
96325.20
96537.60
96748.20
96960.60
97172.10
97383.60
97596.00
97806.60
98019.00
98230.50
98442.00
98654.40
98865.90
99077.40
99288.90
99500.40
99712.80
99924.30
100135.80
100368.90
100602.00
100834.20
101067.30
101300.40
101532.60
101766.60
101998.80
102231.90
102465.00
102699.00
102931.20
103163.40
103397.40
103629.60
103863.60
104095.80
104328.00
104562.00
104794.20
105027.30
105260.40
105492.60
105726.60
105958.80
106192.80
106425.00
106658.10
106891.20
107123.40
107357.40
107589.60
107823.60
108055.80
108288.00
108522.00
108754.20
108987.30
109220.40
109454.40
109686.60
109919.70
110152.80
110385.00
110619.00
110851.20
111085.20
111317.40
111550.50
111783.60
112015.80
112249.80
112482.00
112716.00
112948.20
113182.20
113414.40
113646.60
113880.60
114112.80
114346.80
114579.00
114812.10
115045.20
115278.30
115511.40
115744.50
115977.60
116209.80
116443.80
116676.00
116909.10
117142.20
117374.40
117608.40
117841.50
118074.60
118306.80
118540.80
118773.00
119007.00
119239.20
119472.30
119705.40
119938.50
120171.60
120404.70
120637.80
120870.00
121104.00
121336.20
121570.20
121802.40
122035.50
122268.60
122502.60
122734.80
122967.90
123201.00
123433.20
123667.20
123899.40
124133.40
124365.60
124599.60
124831.80
125065.80
125298.00
125532.00
125764.20
125997.30
126230.40
126464.40
126696.60
126929.70
127162.80
127395.00
127629.00
127861.20
128095.20
128327.40
128561.40
128793.60
129027.60
129259.80
129492.90
129726.00
129958.20
130192.20
130425.30
130658.40
130891.50
131124.59
131356.79
131590.79
131823.00
132057.00
132289.20
132523.20
132755.39
132989.39
133221.59
133453.79
133687.79
133920.00
134154.00
134386.20
134620.20
134852.39
135086.39
135318.59
135552.59
135784.79
136017.00
136251.00
136483.20
136717.20
136949.39
137181.59
137413.79
137646.00
137878.20
138110.39
138342.59
138573.89
138807.00
139039.20
139270.50
139503.59
139735.79
139968.00
140200.20
140432.39
140666.39
140898.59
141130.79
141363.89
141597.00
141829.20
142061.39
142295.39
142527.59
142759.79
142993.79
143226.00
143458.20
143691.29
143924.39
144156.59
144389.70
144622.79
144855.89
145089.00
145321.20
145555.20
145787.39
146019.59
146253.59
146485.79
146718.89
146952.00
147184.20
147418.20
147650.39
147882.59
148116.59
148348.79
148582.79
148815.00
149048.09
149281.20
149511.59
149736.59
149956.20
150168.59
150376.50
150579.00
150775.20
150966.00
151151.39
151331.39
151506.00
151675.20
151838.09
151997.39
152149.50
152297.09
152440.20
152577.00
152709.29
152836.20
152958.59
153075.59
153188.09
153295.20
153397.79
153495.89
153588.59
153676.79
153760.50
153840.59
153914.39
153984.59
154051.20
154113.29
154171.79
154225.79
154275.29
154321.20
154364.39
154402.20
154436.39
154466.09
154493.09
154517.39
154535.39
154551.59
154560.59
154564.20
154565.09
154564.20
154564.20
154564.20
154564.20
154564.20
154564.20
154564.20
154564.20
154564.20
154564.20
154564.20
154564.20
154564.20
154564.20
154564.20
154564.20
154564.20
154564.20
154564.20
154564.20
154564.20
154564.20
154564.20
154564.20
154564.20
154564.20
154564.20
154564.20
154564.20
154564.20
154564.20
154564.20
154564.20
154564.20
154564.20
154564.20
154564.20
154564.20
154564.20
154564.20
154564.20
154564.20
154564.20
154564.20
154564.20
154564.20
154564.20
154564.20
154564.20
154564.20
154564.20
154564.20
154564.20
154564.20
154564.20
154564.20
154564.20
154564.20
154564.20
154564.20
154564.20
154564.20
154564.20
154564.20
154564.20
154564.20
154564.20
154564.20
154564.20
154564.20
154564.20
154564.20
154564.20
154564.20
154564.20
154564.20
154564.20
154564.20
154564.20
154564.20
154564.20
154564.20
154564.20
154564.20
154564.20
154564.20
154564.20
154564.20
154564.20
154564.20
154564.20
154564.20
154564.20
154564.20
154564.20
154564.20
154564.20
154564.20
154564.20
154564.20
154564.20
154564.20
154564.20
154564.20
154564.20
154564.20
154564.20
154564.20
154564.20
154564.20
154564.20
154564.20
154564.20
154564.20
154564.20
154564.20
154564.20
154564.20
154564.20
154564.20
154564.20
154564.20
154564.20
154564.20
154564.20
154564.20
154564.20
154564.20
154564.20
154564.20
154564.20
154564.20
154564.20
154564.20
154564.20
154564.20
154564.20
154564.20
154564.20
154564.20
154564.20
154564.20
154564.20
154564.20
154564.20
154564.20
154564.20
154564.20
154564.20
154564.20
154564.20
154564.20
154564.20
154564.20
154564.20
154564.20
154564.20
154564.20
154564.20
154564.20
154564.20
154564.20
154564.20
154564.20
154564.20
154564.20
154564.20
154564.20
154564.20
154564.20
154564.20
154564.20
154564.20
154564.20
154564.20
154564.20
154564.20
154564.20
154564.20
154564.20
154564.20
154564.20
154564.20
154564.20
154564.20
154564.20
154564.20
154564.20
154564.20
154564.20
154564.20
154564.20
154564.20
154564.20
154564.20
154564.20
154564.20
154564.20
154564.20
154564.20
154564.20
154564.20
154564.20
154564.20
154564.20
154564.20
154564.20
154564.20
154564.20
154564.20
154564.20
154564.20
154564.20
154564.20
154564.20
154564.20
154564.20
154564.20
154564.20
154564.20
154564.20
154564.20
154564.20
154564.20
154564.20
154564.20
154564.20
154564.20
154564.20
154564.20
154564.20
154564.20
154564.20
154564.20
154564.20
154564.20
154564.20
154564.20
154564.20
154564.20
154564.20
154564.20
154564.20
154564.20
154564.20
154564.20
154564.20
154564.20
154564.20
154564.20
154564.20
154564.20
154564.20
154564.20
154564.20
154564.20
154564.20
154564.20
154564.20
154564.20
154564.20
154564.20
154564.20
154564.20
154564.20
154564.20
154564.20
154564.20
154564.20
154564.20
154564.20
154564.20
154564.20
154564.20
154564.20
154564.20
154564.20
154564.20
154564.20
154564.20
154564.20
154564.20
154564.20
154564.20
154564.20
154564.20
154564.20
154564.20
154564.20
154564.20
154564.20
154564.20
154564.20
154564.20
154564.20
154564.20
154564.20
154564.20
154564.20
154564.20
154564.20
154564.20
154564.20
154564.20
154564.20
154564.20
154564.20
154564.20
154564.20
154564.20
154564.20
154564.20
154564.20
154564.20
154564.20
154564.20
154564.20
154564.20
154564.20
154564.20
154564.20
154564.20
154564.20
154564.20
154564.20
154564.20
154564.20
154564.20
154564.20
154564.20
154564.20
154564.20
154564.20
154564.20
154564.20
154564.20
154564.20
154564.20
154564.20
154564.20
154564.20
154564.20
154564.20
154564.20
154564.20
154564.20
154564.20
154564.20
154564.20
154564.20
154564.20
154564.20
154564.20
154564.20
154564.20
154564.20
154564.20
154564.20
154564.20
154564.20
154564.20
154564.20
154564.20
154564.20
154564.20
154564.20
154564.20
154564.20
154564.20
154564.20
154564.20
154564.20
154564.20
154564.20
154564.20
154564.20
154564.20
154564.20
154564.20
154564.20
154564.20
154564.20
154564.20
154564.20
154564.20
154564.20
154564.20
154564.20
154564.20
154564.20
154564.20
154564.20
154564.20
154564.20
154564.20
154564.20
154564.20
154564.20
154564.20
154564.20
154564.20
154564.20
154564.20
154564.20
154564.20
154564.20
154564.20
154564.20
154564.20
154564.20
154564.20
154564.20
154564.20
154564.20
154564.20
154564.20
154564.20
154564.20
154564.20
154564.20
154564.20
154564.20
154564.20
154564.20
154564.20
154564.20
154564.20
154564.20
154564.20
154564.20
154564.20
154564.20
154564.20
154564.20
154564.20
154564.20
154564.20
154564.20
154564.20
154564.20
154564.20
154564.20
154564.20
154564.20
154564.20
154564.20
154564.20
154564.20
154564.20
154564.20
154564.20
154564.20
154564.20
154564.20
154564.20
154564.20
154564.20
154564.20
154564.20
154564.20
154564.20
154564.20
154564.20
154564.20
154564.20
154564.20
154564.20
154564.20
154564.20
154564.20
154564.20
154564.20
154564.20
154564.20
154564.20
154564.20
154564.20
154564.20
154564.20
154564.20
154564.20
154564.20
154564.20
154564.20
154564.20
154564.20
154564.20
154564.20
154564.20
154564.20
154564.20
154564.20
154564.20
154564.20
154564.20
154564.20
154564.20
154564.20
154564.20
154564.20
154564.20
154564.20
154564.20
154564.20
154564.20
154564.20
154564.20
154564.20
154564.20
154564.20
154564.20
154564.20
154564.20
154564.20
154564.20
154564.20
154564.20
154564.20
154564.20
154564.20
154564.20
154564.20
154564.20
154564.20
154564.20
154564.20
154564.20
154564.20
154564.20
154564.20
154564.20
154564.20
154564.20
154564.20
154564.20
154564.20
154564.20
154564.20
154564.20
154564.20
154564.20
154564.20
154564.20
154564.20
154564.20
154564.20
154564.20
154564.20
154564.20
154564.20
154564.20
154564.20
154564.20
154564.20
154564.20
154564.20
154564.20
154564.20
154564.20
154564.20
154564.20
154564.20
154564.20
154564.20
154564.20
154564.20
154564.20
154564.20
154564.20
154564.20
154564.20
154564.20
154564.20
154564.20
154564.20
154564.20
154564.20
154564.20
154564.20
154564.20
154564.20
154564.20
154564.20
154564.20
154564.20
154564.20
154564.20
154564.20
154564.20
154564.20
154564.20
154564.20
154564.20
154564.20
154564.20
154564.20
154564.20
154564.20
154564.20
154564.20
154564.20
154564.20
154564.20
154564.20
154564.20
154564.20
154564.20
154564.20
154564.20
154564.20
154564.20
154564.20
154564.20
154564.20
154564.20
154564.20
154564.20
154564.20
154564.20
154564.20
154564.20
154564.20
154564.20
154564.20
154564.20
154564.20
154564.20
154564.20
154564.20
154564.20
154564.20
154564.20
154564.20
154564.20
154564.20
154564.20
154564.20
154564.20
154564.20
154564.20
154564.20
154564.20
154564.20
154564.20
154564.20
154564.20
154564.20
154564.20
154564.20
154564.20
154564.20
154564.20
154564.20
154564.20
154564.20
154564.20
154564.20
154564.20
154564.20
154564.20
154564.20
154564.20
154564.20
154564.20
154564.20
154564.20
154564.20
154564.20
154564.20
154564.20
154564.20
154564.20
154564.20
154564.20
154564.20
154564.20
154564.20
154564.20
154564.20
154564.20
154564.20
154564.20
154564.20
154564.20
154564.20
154564.20
154564.20
154564.20
154564.20
154564.20
154564.20
154564.20
154564.20
154564.20
154564.20
154564.20
154564.20
154564.20
154564.20
154564.20
154564.20
154564.20
154564.20
154564.20
154564.20
154564.20
154564.20
154564.20
154564.20
154564.20
154564.20
154564.20
154564.20
154564.20
154564.20
154564.20
154564.20
154564.20
154564.20
154564.20
154564.20
154564.20
154564.20
154564.20
154564.20
154564.20
154564.20
154564.20
154564.20
154564.20
154564.20
154564.20
154564.20
154564.20
154564.20
154564.20
154564.20
154564.20
154564.20
154564.20
154564.20
154564.20
154564.20
154564.20
154564.20
154564.20
154564.20
154564.20
154564.20
154564.20
154564.20
154564.20
154564.20
154564.20
154564.20
154564.20
154564.20
154564.20
154564.20
154564.20
154564.20
154564.20
154564.20
154564.20
154564.20
154564.20
154564.20
154564.20
154564.20
154564.20
154564.20
154564.20
154564.20
154564.20
154564.20
154564.20
154564.20
154564.20
154564.20
154564.20
154564.20
154564.20
154564.20
154564.20
154564.20
154564.20
154564.20
154564.20
154564.20
154564.20
154564.20
154564.20
154564.20
154564.20
154564.20
154564.20
154564.20
154564.20
154564.20
154564.20
154564.20
154564.20
154564.20
154564.20
154564.20
154564.20
154564.20
154564.20
154564.20
154564.20
154564.20
154564.20
154564.20
154564.20
154564.20
154564.20
154564.20
154564.20
154564.20
154564.20
154564.20
154564.20
154564.20
154564.20
154564.20
154564.20
154564.20
154564.20
154564.20
154564.20
154564.20
154564.20
154564.20
154564.20
154564.20
154564.20
154564.20
154564.20
154564.20
154564.20
154564.20
154564.20
154564.20
154564.20
154564.20
154564.20
154564.20
154564.20
154564.20
154564.20
154564.20
154564.20
154564.20
154564.20
154564.20
154564.20
154564.20
154564.20
154564.20
154564.20
154564.20
154564.20
154564.20
154564.20
154564.20
154564.20
154564.20
154564.20
154564.20
154564.20
154564.20
154564.20
154564.20
154564.20
154564.20
154564.20
154564.20
154564.20
154564.20
154564.20
154564.20
154564.20
154564.20
154564.20
154564.20
154564.20
154564.20
154564.20
154564.20
154564.20
154564.20
154564.20
154564.20
154564.20
154564.20
154564.20
154564.20
154564.20
154564.20
154564.20
154564.20
154564.20
154564.20
154564.20
154564.20
154564.20
154564.20
154564.20
154564.20
154564.20
154564.20
154564.20
154564.20
154564.20
154564.20
154564.20
154564.20
154564.20
154564.20
154564.20
154564.20
154564.20
154564.20
154564.20
154564.20
154564.20
154564.20
154564.20
154564.20
154564.20
154564.20
154564.20
154564.20
154564.20
154564.20
154564.20
154564.20
154564.20
154564.20
154564.20
154564.20
154564.20
154564.20
154564.20
154564.20
154564.20
154564.20
154558.79
154540.79
154513.79
154476.00
154431.00
154377.00
154315.79
154244.70
154165.50
154078.20
153981.89
153878.39
153765.89
153646.20
153518.39
153383.39
153241.20
153090.00
152933.39
152767.79
152595.89
152416.79
152229.59
152037.00
151835.39
151628.39
151414.20
151192.79
150967.79
150739.20
150508.79
150278.39
150045.29
149812.20
149580.00
149345.09
149111.09
148877.09
148642.20
148408.20
148174.20
147938.39
147704.39
147470.39
147234.59
147000.59
146764.79
146530.79
146295.89
146061.00
145825.20
145591.20
145355.39
145121.39
144885.59
144651.59
144415.79
144181.79
143946.00
143710.20
143476.20
143240.39
143005.50
142770.59
142534.79
142299.89
142065.00
141829.20
141595.20
141359.39
141123.59
140887.79
140652.89
140418.00
140182.20
139946.39
139710.59
139476.59
139240.79
139005.00
138769.20
138533.39
138298.50
138063.59
137827.79
137592.00
137356.20
137120.39
136885.50
136650.59
136414.79
136179.00
135943.20
135707.39
135471.59
135235.79
135000.00
134764.20
134528.39
134292.59
134056.79
133821.00
133585.20
133350.29
133113.59
132877.79
132643.79
132406.20
132170.39
131936.39
131698.79
131463.00
131228.09
130991.40
130755.60
130519.80
130284.00
130048.20
129812.40
129576.60
129340.80
129105.00
128868.30
128633.40
128396.70
128160.00
127924.20
127688.40
127452.60
127216.80
126981.00
126745.20
126509.40
126271.80
126036.00
125800.20
125564.40
125328.60
125092.80
124856.10
124619.40
124383.60
124147.80
123912.00
123676.20
123438.60
123202.80
122967.00
122731.20
122495.40
122259.60
122022.00
121786.20
121550.40
121314.60
121078.80
120842.10
120605.40
120369.60
120133.80
119898.00
119662.20
119424.60
119188.80
118953.00
118717.20
118479.60
118244.70
118008.00
117772.20
117536.40
117298.80
117063.00
116827.20
116591.40
116355.60
116118.90
115882.20
115646.40
115410.60
115173.00
114937.20
114701.40
114465.60
114229.80
113992.20
113756.40
113520.60
113283.90
113047.20
112811.40
112575.60
112338.00
112102.20
111866.40
111630.60
111394.80
111164.40
110941.20
110725.20
110512.80
110309.40
110109.60
109918.80
109731.60
109551.60
109377.00
109209.60
109046.70
108891.00
108739.80
108594.00
108455.40
108321.30
108193.50
108070.20
107953.20
107841.60
107735.40
107632.80
107537.40
107446.50
107360.10
107278.20
107202.60
107130.60
107064.00
107001.00
106941.60
106887.60
106837.20
106792.20
106750.80
106714.80
106682.40
106651.80
106624.80
106603.20
106586.10
106574.40
106567.20
106560.00
106557.30
106558.20
106558.20
106558.20
106558.20
106558.20
106558.20
106558.20
106558.20
106558.20
106558.20
106558.20
106558.20
106558.20
106558.20
106558.20
106558.20
106558.20
106558.20
106558.20
106558.20
106558.20
106558.20
106558.20
106558.20
106558.20
106558.20
106558.20
106558.20
106558.20
106558.20
106558.20
106558.20
106558.20
106558.20
106558.20
106558.20
106558.20
106558.20
106558.20
106558.20
106558.20
106558.20
106558.20
106558.20
106558.20
106558.20
106558.20
106558.20
106558.20
106558.20
106558.20
106558.20
106558.20
106558.20
106558.20
106558.20
106558.20
106558.20
106558.20
106558.20
106558.20
106558.20
106558.20
106558.20
106558.20
106558.20
106558.20
106558.20
106558.20
106558.20
106558.20
106558.20
106558.20
106558.20
106558.20
106558.20
106558.20
106558.20
106558.20
106558.20
106558.20
106558.20
106558.20
106558.20
106558.20
106558.20
106558.20
106558.20
106558.20
106558.20
106558.20
106558.20
106558.20
106558.20
106558.20
106558.20
106558.20
106558.20
106558.20
106558.20
106558.20
106558.20
106558.20
106558.20
106558.20
106558.20
106558.20
106558.20
106558.20
106558.20
106558.20
106558.20
106558.20
106558.20
106558.20
106558.20
106558.20
106551.00
106536.60
106513.20
106479.00
106435.80
106384.50
106324.20
106254.00
106176.60
106089.30
105994.80
105890.40
105778.80
105660.00
105532.20
105397.20
105255.00
105103.80
104947.20
104781.60
104608.80
104428.80
104241.60
104047.20
103845.60
103636.80
103420.80
103198.50
102970.80
102740.40
102508.20
102274.20
102040.20
101804.40
101568.60
101332.80
101097.00
100861.20
100625.40
100387.80
100152.00
99916.20
99702.00
99487.80
99271.80
99057.60
98843.40
98627.40
98413.20
98198.10
97983.00
97768.80
97552.80
97338.60
97124.40
96908.40
96694.20
96480.00
96264.00
96049.80
95835.60
95620.50
95405.40
95191.20
94975.20
94761.00
94546.80
94330.80
94116.60
93902.40
93686.40
93472.20
93257.10
93042.00
92827.80
92612.70
92397.60
92182.50
91967.40
91753.20
91537.20
91323.00
91107.00
90892.80
90677.70
90462.60
90248.40
90032.40
89818.20
89602.20
89388.00
89172.90
88957.80
88743.60
88527.60
88313.40
88097.40
87883.20
87668.10
87453.00
87238.80
87022.80
86807.70
86592.60
86378.40
86162.40
85948.20
85732.20
85518.00
85302.00
85087.80
84872.70
84657.60
84443.40
84227.40
84013.20
83797.20
83583.00
83367.00
83152.80
82936.80
82722.60
82506.60
82292.40
82076.40
81862.20
81646.20
81432.00
81216.00
81000.90
80785.80
80570.70
80355.60
80141.40
79925.40
79711.20
79495.20
79279.20
79065.00
78849.00
78634.80
78418.80
78204.60
77988.60
77774.40
77558.40
77343.30
77128.20
76913.10
76698.00
76482.00
76267.80
76051.80
75837.60
75621.60
75407.40
75191.40
74975.40
74761.20
74545.20
74331.00
74115.00
73900.80
73684.80
73468.80
73254.60
73038.60
72824.40
72608.40
72392.40
72178.20
71962.20
71748.00
71532.00
71316.00
71101.80
70885.80
70671.60
70455.60
70239.60
70025.40
69809.40
69595.20
69379.20
69163.20
68949.00
68733.00
68518.80
68302.80
68086.80
67872.60
67656.60
67442.40
67226.40
67010.40
66796.20
66580.20
66365.10
66150.00
65934.00
65719.80
65503.80
65287.80
65073.60
64857.60
64642.50
64426.50
64211.40
63995.40
63781.20
63565.20
63349.20
63135.00
62919.00
62703.00
62488.80
62272.80
62058.60
61842.60
61626.60
61412.40
61196.40
60980.40
60766.20
60550.20
60335.10
60120.00
59904.00
59688.00
59473.80
59257.80
59041.80
58827.60
58611.60
58395.60
58181.40
57965.40
57751.20
57535.20
57319.20
57105.00
56889.00
56673.00
56457.90
56242.80
56026.80
55811.70
55596.60
55380.60
55166.40
54950.40
54734.40
54520.20
54304.20
54088.20
53874.00
53658.00
53442.90
53226.90
53011.80
52795.80
52580.70
52365.60
52149.60
51935.40
51719.40
51503.40
51289.20
51073.20
50857.20
50641.20
50427.00
50216.40
50009.40
49807.80
49612.50
49422.60
49236.30
49055.40
48880.80
48709.80
48544.20
48384.00
48227.40
48078.00
47931.30
47790.00
47653.20
47521.80
47394.00
47271.60
47153.70
47040.30
46931.40
46826.10
46726.20
46630.80
46539.00
46450.80
46368.00
46288.80
46213.20
46142.10
46074.60
46011.60
45950.40
45894.60
45842.40
45792.00
45747.00
45703.80
45666.00
45630.00
45597.60
45569.70
45545.40
45523.80
45505.80
45489.60
45477.00
45466.20
45459.00
45454.50
45452.70
45451.80
45451.80
45451.80
45451.80
45451.80
45451.80
45451.80
45451.80
45451.80
45451.80
45451.80
45451.80
45451.80
45451.80
45451.80
45451.80
45451.80
45451.80
45451.80
45451.80
45451.80
45451.80
45451.80
45451.80
45451.80
45451.80
45451.80
45451.80
45451.80
45451.80
45451.80
45451.80
45451.80
45451.80
45451.80
45451.80
45451.80
45451.80
45451.80
45451.80
45451.80
45451.80
45451.80
45451.80
45451.80
45451.80
45451.80
45451.80
45451.80
45451.80
45451.80
45451.80
45451.80
45451.80
45451.80
45451.80
45451.80
45451.80
45451.80
45451.80
45451.80
45451.80
45451.80
45451.80
45451.80
45451.80
45451.80
45451.80
45451.80
45451.80
45451.80
45451.80
45451.80
45451.80
45451.80
45451.80
45451.80
45451.80
45451.80
45451.80
45451.80
45451.80
45451.80
45451.80
45451.80
45451.80
45451.80
45451.80
45451.80
45451.80
45451.80
45451.80
45451.80
45451.80
45451.80
45451.80
45451.80
45451.80
45451.80
45451.80
45451.80
45451.80
45451.80
45451.80
45451.80
45451.80
45451.80
45451.80
45451.80
45451.80
45451.80
45451.80
45451.80
45451.80
45451.80
45451.80
45451.80
45451.80
45451.80
45451.80
45451.80
45451.80
45451.80
45451.80
45451.80
45451.80
45451.80
45451.80
45451.80
45451.80
45451.80
45451.80
45451.80
45451.80
45451.80
45451
