2.70
2.70
2.70
2.70
4.50
4.50
6.30
6.30
18.90
42.30
74.70
119.70
177.30
245.70
324.00
413.10
521.10
639.90
771.30
913.50
1066.50
1244.70
1433.70
1629.90
1844.10
2070.90
2308.50
2558.70
2821.50
3095.10
3379.50
3676.50
3984.30
4301.10
4628.70
4967.10
5319.90
5683.50
6059.70
6441.30
6839.10
7247.70
7665.30
8095.50
8534.70
8982.90
9443.70
9908.10
10390.50
10916.10
11448.90
11996.10
12559.50
13124.70
13707.90
14305.50
14910.30
15527.70
16148.70
16778.70
17415.90
18071.10
18717.30
19372.50
20033.10
20690.10
21332.70
21984.30
22643.10
23307.30
23962.50
24623.10
25271.10
25922.70
26581.50
27242.10
27942.30
28640.70
29339.10
30046.50
30752.10
31455.90
32150.70
32852.70
33556.50
34254.90
34955.10
35657.10
36368.10
37055.70
37755.90
38457.90
39159.90
39867.30
40565.70
41262.30
41967.90
42671.70
43359.30
44066.70
44761.50
45461.70
46167.30
46871.10
47571.30
48262.50
48966.30
49671.90
50368.50
51072.30
51774.30
52478.10
53185.50
53882.10
54580.50
55273.50
55970.10
56668.50
57375.90
58068.90
58772.70
59467.50
60167.70
60864.30
61571.70
62273.70
62966.70
63674.10
64376.10
65061.90
65769.30
66467.70
67167.90
67862.70
68562.90
69273.90
69979.50
70679.70
71383.50
72090.90
72792.90
73496.70
74204.10
74902.50
75599.10
76292.10
76992.30
77676.30
78376.50
79076.70
79784.10
80487.90
81193.50
81897.30
82604.70
83303.10
83999.70
84707.10
85414.50
86120.10
86823.90
87531.30
88235.10
88942.50
89640.90
90341.10
91037.70
91730.70
92438.10
93145.50
93840.30
94529.70
95229.90
95940.90
96644.70
97334.10
98034.30
98739.90
99440.10
100133.10
100881.90
101621.70
102366.90
103106.70
103855.50
104602.50
105354.90
106085.70
106836.30
107574.30
108317.70
109062.90
109806.30
110555.10
111291.30
112040.10
112778.10
113532.30
114284.70
115028.10
115776.90
116527.50
117272.70
118023.30
118757.70
119506.50
120249.90
120995.10
121747.50
122490.90
123236.10
123986.70
124731.90
125478.90
126216.90
126938.70
127635.30
128330.10
129003.30
129660.30
130288.50
130904.10
131508.89
132097.50
132666.29
133217.09
133758.89
134282.70
134788.50
135285.29
135764.09
136228.50
136674.89
137099.70
137517.29
137913.29
138298.50
138669.29
139023.89
139365.89
139686.29
139997.70
140294.70
140577.29
140845.50
141099.29
141340.50
141567.29
141780.59
141981.29
142168.50
142343.09
142506.89
142656.29
142796.70
142922.70
143037.89
143144.09
143239.50
143324.09
143397.89
143464.50
143520.29
143565.29
143601.29
143630.09
143648.09
143653.50
143655.29
143655.29
143655.29
143655.29
143655.29
143655.29
143655.29
143655.29
143655.29
143655.29
143655.29
143655.29
143655.29
143655.29
143655.29
143655.29
143655.29
143655.29
143655.29
143655.29
143655.29
143655.29
143655.29
143655.29
143655.29
143655.29
143655.29
143655.29
143655.29
143655.29
143655.29
143655.29
143655.29
143655.29
143655.29
143658.89
143680.50
143721.89
143786.70
143874.89
143984.70
144116.09
144267.29
144438.29
144629.09
144839.70
145066.50
145313.09
145577.70
145860.29
146159.09
146477.70
146810.70
147163.50
147532.50
147917.70
148319.09
148738.50
149174.09
149620.50
150084.89
150558.29
151060.50
151573.50
152095.50
152640.89
153198.89
153769.50
154354.50
154962.89
155585.70
156222.89
156874.50
157538.70
158219.09
158910.29
159617.70
160341.29
161079.29
161810.09
162549.89
163291.50
164036.70
164772.89
165527.09
166270.50
167010.29
167753.70
168507.89
169258.50
169998.29
170750.70
171479.70
172226.70
172968.29
173704.50
174447.89
175200.29
175943.70
176692.50
177439.50
178186.50
178931.68
179682.29
180431.09
181179.89
181930.50
182672.09
183419.09
184164.29
184911.29
185660.09
186399.89
187145.09
187888.50
188630.09
189371.68
190115.09
190860.29
191609.09
192348.89
193094.09
193837.50
194582.68
195320.68
196071.29
196812.89
197554.50
198308.68
199053.89
199804.50
200549.68
201291.29
202038.29
202779.89
203528.68
204268.50
205006.50
205751.68
206495.09
207243.89
207996.29
208736.09
209470.50
210212.09
210959.09
211704.29
212453.09
213201.89
213948.89
214686.89
215428.50
216175.50
216913.50
217647.89
218393.09
219136.50
219885.29
220630.50
221375.68
222128.09
222875.09
223609.50
224358.29
225114.29
225861.29
226606.50
227344.50
228089.68
228834.89
229576.50
230323.50
231068.68
231821.09
232555.50
233302.50
234047.68
234792.89
235534.50
236279.68
237028.50
237764.68
238506.29
239251.50
240003.89
240743.68
241492.50
242237.68
242979.29
243717.29
244464.29
245209.50
245958.29
246708.89
247454.09
248195.68
248937.29
249678.89
250431.29
251174.68
251919.89
252661.50
253406.68
254151.89
254900.68
255638.68
256382.09
257127.29
257872.50
258628.50
259370.09
260115.29
260862.29
261614.68
262352.68
263096.09
263844.90
264593.68
265338.90
266084.09
266827.50
267576.28
268325.09
269077.50
269817.28
270569.68
271311.28
272052.90
272790.90
273536.09
274281.28
275026.50
275762.68
276511.50
277245.90
277991.09
278736.28
279477.90
280226.68
280968.28
281724.28
282473.09
283214.68
283961.68
284710.50
285452.09
286204.50
286953.28
287705.68
288450.90
289192.50
289937.68
290690.09
291437.09
292189.50
292934.68
293676.28
294428.68
295177.50
295911.90
296664.28
297398.68
298143.90
298892.68
299636.09
300388.50
301140.90
301875.28
302624.09
303372.90
304110.90
304848.90
305597.68
306350.09
307091.68
307822.50
308564.09
309302.09
310043.68
310792.50
311541.28
312290.09
313035.28
313780.50
314514.90
315256.50
316005.28
316754.09
317495.68
318240.90
318978.90
319724.09
320472.90
321218.09
321957.90
322699.50
323448.28
324193.50
324942.28
325694.68
326443.50
327188.68
327941.09
328682.68
329435.09
330187.50
330936.28
331674.28
332412.28
333164.68
333913.50
334655.09
335398.50
336147.28
336892.50
337630.50
338379.28
339120.90
339869.68
340618.50
341363.68
342114.28
342863.09
343646.09
344438.09
345228.28
346014.90
346806.90
347600.68
348385.50
349172.09
349960.50
350754.28
351539.09
352325.68
353114.09
353904.28
354685.50
355479.28
356271.28
357061.50
357849.87
358636.50
359433.87
360218.68
361014.28
361804.50
362598.28
363379.50
364171.50
364961.68
365760.87
366554.68
367341.28
368133.28
368914.50
369701.09
370491.28
371283.28
372066.28
372851.09
373634.09
374426.09
375209.09
376004.68
376794.87
377585.09
378362.68
379160.09
379952.09
380742.28
381536.09
382328.09
383118.28
383910.28
384704.09
385488.87
386279.09
387069.28
387864.87
388647.87
389432.68
390224.68
390998.68
391743.87
392478.28
393194.68
393882.28
394553.68
395205.28
395842.50
396458.09
397061.09
397642.50
398209.50
398753.09
399280.50
399788.09
400279.50
400756.50
401215.50
401658.28
402083.09
402488.09
402878.68
403253.09
403611.28
403953.28
404277.28
404586.87
404880.28
405159.28
405422.09
405670.50
405902.68
406122.28
406325.68
406516.50
406691.09
406854.87
407004.28
407141.09
407265.28
407376.87
407477.68
407567.68
407645.09
407713.50
407769.28
407816.09
407853.87
407882.68
407895.28
407895.28
407893.50
407888.09
407882.68
407882.68
407882.68
407882.68
407882.68
407882.68
407882.68
407882.68
407882.68
407882.68
407882.68
407882.68
407882.68
407882.68
407882.68
407882.68
407882.68
407882.68
407882.68
407882.68
407882.68
407882.68
407882.68
407882.68
407882.68
407882.68
407882.68
407882.68
407882.68
407882.68
407882.68
407882.68
407882.68
407882.68
407882.68
407882.68
407882.68
407882.68
407882.68
407882.68
407882.68
407882.68
407882.68
407882.68
407882.68
407882.68
407882.68
407882.68
407882.68
407882.68
407882.68
407882.68
407882.68
407882.68
407882.68
407882.68
407882.68
407882.68
407882.68
407882.68
407882.68
407882.68
407882.68
407882.68
407882.68
407882.68
407882.68
407882.68
407882.68
407882.68
407882.68
407882.68
407882.68
407882.68
407882.68
407882.68
407882.68
407882.68
407882.68
407882.68
407882.68
407882.68
407882.68
407882.68
407882.68
407882.68
407882.68
407882.68
407882.68
407882.68
407882.68
407882.68
407882.68
407882.68
407888.09
407907.87
407954.68
408024.87
408120.28
408239.09
408383.09
408548.68
408736.78
408946.50
409176.87
409428.87
409702.50
409990.50
410301.87
410634.87
410985.87
411356.68
411747.28
412155.87
412582.50
413028.87
413489.68
413972.09
414474.28
414996.28
415536.28
416088.87
416657.68
417248.09
417854.68
418479.28
419111.09
419768.09
420441.28
421136.09
421847.09
422572.50
423310.50
424068.28
424833.28
425609.09
426401.09
427187.68
427976.09
428753.68
429552.87
430348.50
431136.87
431914.50
432706.50
433489.50
434277.87
435071.68
435863.68
436659.28
437449.50
438234.28
439017.28
439794.87
440579.68
441362.68
442147.50
442937.68
443733.28
444516.28
445310.09
446102.09
446897.68
447687.87
448481.68
449270.09
450053.09
450841.50
451628.09
452421.87
453206.68
454000.50
454785.28
455579.09
456369.28
457157.68
457938.87
458736.28
459515.68
460307.68
461090.68
461882.68
462669.28
463455.87
464244.28
465034.50
465822.87
466613.09
467394.28
468188.09
468978.28
469770.28
470564.09
471352.50
472139.09
472934.68
473728.50
474513.28
475303.50
476090.09
476885.68
477675.87
478464.28
479261.68
480044.68
480829.50
481623.28
482415.28
483209.09
483999.28
484782.28
485574.28
486368.09
487152.87
487943.09
488736.87
489525.28
490315.50
491103.87
491901.28
492686.09
493479.87
494268.28
495058.50
495843.28
496637.09
497416.50
498204.87
498998.68
499787.09
500570.09
501360.28
502137.87
502931.68
503723.68
504513.87
505298.68
506085.28
506877.28
507667.50
508457.68
509242.50
510036.28
510828.28
511625.68
512408.68
513197.09
513987.28
514782.87
515569.50
516359.68
517144.50
517941.87
518733.87
519524.09
520314.28
521106.28
521896.50
522684.87
523475.09
524263.50
525053.68
525845.68
526635.87
527417.06
528207.31
528995.68
529782.31
530576.06
531368.06
532151.06
532935.87
533715.31
534505.50
535297.50
536084.06
536877.87
537662.68
538456.50
539248.50
540035.06
540828.87
541620.87
542418.31
543213.87
544000.50
544790.68
545582.68
546372.87
547166.68
547956.87
548738.06
549531.87
550323.87
551106.87
551897.06
552685.50
553479.31
554258.68
555047.06
555844.50
556634.68
557423.06
558220.50
559017.87
559817.06
560607.31
561393.87
562185.87
562983.31
563777.06
564565.50
565355.68
566149.50
566932.50
567720.87
568503.87
569286.87
570073.50
570858.31
571648.50
572431.50
573221.68
573992.06
574771.50
575561.68
576341.06
577133.06
577923.31
578717.06
579503.68
580292.06
581089.50
581886.87
582673.50
583469.06
584259.31
585053.06
585839.68
586626.31
587407.50
588194.06
588987.87
589785.31
590580.87
591374.68
592164.87
592958.68
593748.87
594526.50
595320.31
596110.50
596897.06
597696.31
598490.06
599269.50
600059.68
600853.50
601638.31
602432.06
603225.87
604012.50
604806.31
605594.68
606395.68
607185.87
607965.31
608755.50
609547.50
610337.68
611113.50
611907.31
612688.50
613478.68
614272.50
615053.68
615840.31
616632.31
617429.68
618218.06
619008.31
619803.87
620601.31
621380.68
622176.31
622962.87
623747.68
624541.50
625328.06
626123.68
626917.50
627713.06
628499.68
629282.68
630074.68
630861.31
631660.50
632443.50
633228.31
634018.50
634806.87
635597.06
636387.31
637179.31
637967.68
638761.50
639555.31
640347.31
641144.68
641936.68
642726.87
643518.87
644316.31
645104.68
645902.06
646688.68
647480.68
648270.87
649057.50
649849.50
650646.87
651437.06
652218.31
653001.31
653798.68
654587.06
655380.87
656174.68
656959.50
657746.06
658529.06
659321.06
660107.68
660908.68
661702.50
662487.31
663263.06
664046.06
664839.87
665621.06
666411.31
667205.06
667993.50
668787.31
669581.06
670369.50
671166.87
671957.06
672754.50
673550.06
674340.31
675126.87
675908.06
676698.31
677492.06
678285.87
679070.68
679868.06
680658.31
681448.50
682235.06
683019.87
683799.31
684585.87
685376.06
686168.06
686965.50
687759.31
688553.06
689345.06
690131.68
690885.87
691627.50
692349.31
693063.87
693747.87
694424.68
695074.50
695699.06
696318.31
696919.50
697495.50
698055.31
698597.06
699124.50
699633.87
700127.06
700598.68
701048.68
701489.68
701910.87
702319.50
702710.06
703086.31
703440.87
703782.87
704110.50
704418.31
704713.50
704992.50
705257.06
705503.68
705737.68
705957.31
706164.31
706355.06
706535.06
706698.87
706850.06
706988.68
707114.68
707229.87
707332.50
707424.31
707505.31
707575.50
707634.87
707685.31
707723.06
707750.06
707764.50
707769.87
707769.87
707769.87
707769.87
707769.87
707769.87
707769.87
707769.87
707769.87
707769.87
707769.87
707769.87
707769.87
707769.87
707769.87
707769.87
707769.87
707769.87
707769.87
707769.87
707769.87
707769.87
707769.87
707769.87
707769.87
707769.87
707769.87
707769.87
707769.87
707769.87
707769.87
707769.87
707769.87
707769.87
707769.87
707769.87
707769.87
707769.87
707769.87
707769.87
707769.87
707769.87
707769.87
707769.87
707769.87
707769.87
707769.87
707769.87
707769.87
707769.87
707769.87
707769.87
707769.87
707769.87
707769.87
707769.87
707769.87
707769.87
707769.87
707769.87
707769.87
707769.87
707769.87
707769.87
707769.87
707769.87
707769.87
707769.87
707769.87
707769.87
707769.87
707769.87
707769.87
707769.87
707769.87
707769.87
707769.87
707769.87
707769.87
707769.87
707769.87
707769.87
707769.87
707769.87
707769.87
707769.87
707769.87
707769.87
707769.87
707769.87
707769.87
707769.87
707769.87
707769.87
707769.87
707769.87
707769.87
707769.87
707769.87
707769.87
707769.87
707769.87
707769.87
707769.87
707769.87
707769.87
707769.87
707769.87
707769.87
707769.87
707769.87
707769.87
707769.87
707769.87
707769.87
707769.87
707769.87
707769.87
707769.87
707769.87
707769.87
707769.87
707769.87
707769.87
707769.87
707769.87
707769.87
707769.87
707769.87
707769.87
707769.87
707769.87
707769.87
707769.87
707769.87
707769.87
707769.87
707769.87
707769.87
707769.87
707769.87
707769.87
707769.87
707769.87
707769.87
707769.87
707769.87
707782.50
707820.25
707885.06
707973.25
708086.68
708209.06
708371.06
708536.68
708745.50
708954.25
709188.25
709456.50
709733.68
710039.68
710006.37
709659.00
709290.00
708899.37
709071.25
709494.25
709059.56
708595.18
708756.25
709244.06
709225.18
708690.56
708134.37
707870.68
708457.50
708507.00
707887.75
708173.06
708794.06
708667.18
707997.56
707967.87
708664.50
709389.87
710127.87
710873.06
711611.06
711756.00
711733.50
712198.75
711457.18
711962.06
712639.75
712741.50
713479.50
713784.56
713097.00
712378.75
711653.37
711353.68
712082.68
712087.18
711361.75
710629.18
710600.37
709853.37
709142.37
708408.00
708686.06
708906.56
708872.37
709453.75
708714.00
707983.18
707922.87
707939.06
708395.37
708110.06
708842.68
708928.18
708933.56
708202.75
707459.37
707373.87
707512.50
708252.25
708993.87
708999.25
708325.18
707818.50
708558.25
709289.06
709325.06
709912.75
709481.68
710221.50
710357.37
710971.18
710220.56
709480.75
708739.18
709305.25
709286.37
708833.68
708422.37
708239.68
708944.37
708459.25
709190.06
709929.87
709302.56
708580.75
708164.06
708408.00
708409.75
708346.75
707596.18
707520.56
707391.87
707405.37
706672.81
706947.31
707198.37
706548.56
705830.37
706040.06
705718.81
704980.81
705539.68
706111.18
705367.81
704631.56
705237.31
705955.50
706695.31
707065.18
707582.68
707005.81
706269.56
705831.31
706567.50
707272.18
706561.18
705817.81
705076.18
704347.18
704298.56
703806.31
704546.06
704610.87
705283.18
705345.31
705189.56
704453.37
704368.81
703665.00
703748.68
704501.06
704637.00
705185.06
705885.31
706276.81
706194.00
705447.00
705373.18
705557.68
705895.18
705146.37
704417.37
703863.87
704352.56
703616.37
703494.87
704209.50
704934.87
705669.31
706409.06
706501.81
705772.81
705359.68
704966.37
704322.87
705037.50
705483.00
705376.81
704689.18
703987.18
704708.06
705438.87
705519.87
706245.31
706322.68
707066.06
707809.50
708549.25
708641.06
709380.87
710124.25
710855.06
711569.68
712164.56
712318.50
713054.68
712495.75
711788.37
711926.06
712245.56
711500.37
711436.50
711416.68
712170.87
712440.00
712359.00
712406.68
713150.06
712850.37
713353.50
713416.50
713296.75
713484.87
714228.25
713633.37
713619.87
714363.25
714002.37
713997.00
713275.18
713197.75
712835.06
712838.68
713528.06
714188.68
714069.00
713336.37
712593.00
711899.06
712617.25
713062.75
712869.25
713594.68
714316.50
715031.06
714736.75
714004.18
714658.50
715394.68
715705.18
715436.06
716114.68
716836.50
717587.06
717736.50
718461.87
718515.00
717782.37
717039.00
716353.18
716951.68
717698.68
718438.50
718018.18
717911.06
717228.00
717335.06
718074.87
718811.06
719543.68
720279.87
721023.25
721766.68
722506.50
723221.06
723018.56
722277.00
722141.06
722140.18
721579.50
721956.56
721705.50
722448.87
723174.25
723917.68
724666.50
724769.06
725472.87
724755.56
724001.37
723263.37
722530.75
721932.25
722368.75
722060.06
722137.50
722806.18
722077.18
721330.18
721811.68
722542.50
722609.06
722699.06
722320.18
721591.18
721488.56
720752.37
720393.25
721143.87
720603.00
720672.25
721406.68
722150.06
722253.56
721653.25
722411.06
722730.56
722591.06
723305.68
723938.37
724180.50
724916.68
724393.75
725046.25
724872.56
724136.37
723398.37
722682.00
722729.68
722467.75
722166.25
722168.06
721503.00
721035.87
721777.50
722524.50
723240.87
723980.68
724327.18
724763.68
725492.68
726138.00
725387.37
725706.87
725148.00
725701.50
726437.68
727181.06
727908.25
727365.56
726779.68
727523.06
728262.87
728948.68
729659.68
730359.87
731099.68
730620.00
729894.56
730003.50
730420.18
730172.68
730912.50
731607.25
732350.68
732424.50
733160.68
733875.25
733161.56
732788.06
732416.37
731687.37
731040.25
731693.68
732437.06
731946.56
731233.75
730651.50
730369.75
729631.75
729541.75
729547.18
728807.37
728060.37
728601.25
729308.68
730052.06
729745.18
729012.56
729000.87
729729.87
730466.06
731205.87
731284.18
731346.25
732087.87
732811.50
733473.87
733570.18
733582.75
733517.06
732933.00
732328.18
732096.87
732024.87
732545.06
732641.37
732928.50
733464.87
733967.06
734465.68
734944.50
735421.50
735152.37
734713.18
734283.00
733878.00
733485.56
733116.56
732763.75
732425.37
732701.68
733016.68
733310.06
733583.68
733844.68
734085.87
734337.87
734550.25
734753.68
734955.25
735010.18
734830.18
734688.00
734534.06
734400.00
734293.75
734176.75
734076.00
734002.18
733920.25
733848.25
733788.00
733739.37
733710.56
733687.18
733669.18
733656.56
733654.75
733656.56
733656.56
733656.56
733656.56
733656.56
733656.56
733656.56
733656.56
733656.56
733656.56
733656.56
733656.56
733656.56
733656.56
733656.56
733656.56
733656.56
733656.56
733656.56
733656.56
733656.56
733656.56
733656.56
733656.56
733656.56
733656.56
733656.56
733656.56
733656.56
733656.56
733656.56
733656.56
733656.56
733656.56
733656.56
733656.56
733656.56
733656.56
733656.56
733656.56
733656.56
733656.56
733656.56
733656.56
733656.56
733656.56
733656.56
733656.56
733656.56
733656.56
733656.56
733656.56
733656.56
733656.56
733656.56
733656.56
733656.56
733656.56
733656.56
733656.56
733656.56
733656.56
733656.56
733656.56
733656.56
733656.56
733656.56
733656.56
733656.56
733656.56
733656.56
733656.56
733656.56
733656.56
733656.56
733656.56
733656.56
733656.56
733656.56
733656.56
733656.56
733656.56
733656.56
733656.56
733656.56
733656.56
733656.56
733656.56
733656.56
733656.56
733656.56
733656.56
733656.56
733656.56
733656.56
733656.56
733656.56
733656.56
733656.56
733656.56
733656.56
733656.56
733656.56
733656.56
733656.56
733656.56
733656.56
733656.56
733656.56
733656.56
733656.56
733656.56
733656.56
733656.56
733656.56
733656.56
733656.56
733656.56
733656.56
733656.56
733656.56
733656.56
733656.56
733656.56
733656.56
733656.56
733656.56
733656.56
733656.56
733656.56
733656.56
733654.75
733635.87
733593.56
733527.87
733437.00
733359.56
733221.00
733062.56
732875.37
732668.37
732438.00
732189.56
731916.00
731628.00
731314.75
730981.75
730629.00
730256.37
729864.00
729451.75
729025.18
728577.00
728118.00
727630.18
727124.37
726604.18
726064.18
725509.75
724937.37
724347.00
723729.56
723101.37
722457.00
721794.56
721116.00
720415.75
719701.18
718977.56
718223.37
717458.37
716682.56
716694.25
717491.68
718280.06
719072.06
719864.06
720654.25
720394.18
719605.75
718822.75
718025.37
717240.56
717558.25
718352.06
718405.18
717618.56
716823.00
716036.37
715249.75
714463.18
713669.37
712879.18
712664.06
713412.00
712800.87
713591.06
714381.25
713768.37
713826.87
714613.50
715398.25
714853.75
714065.37
713296.75
713573.06
714374.06
715167.87
715816.75
715032.00
714241.75
713448.00
712661.37
711871.18
711454.50
712237.50
712333.75
711545.37
710749.75
709966.75
710518.50
710506.75
709707.56
708912.00
708125.37
707327.06
707379.31
708173.06
708959.68
709749.87
709749.00
708955.18
708161.37
707374.81
708020.06
708813.87
709600.50
710390.68
711180.87
711972.87
712754.06
713544.25
713716.18
714384.87
715175.06
715956.25
716746.50
717536.68
718323.25
719120.68
718727.37
717940.75
717154.18
716364.00
716283.00
715492.75
714699.00
714764.68
715554.87
716341.50
716495.37
715701.56
714904.18
714117.56
713331.00
713281.50
714064.50
713790.00
712996.18
712198.75
712217.68
712291.50
713081.68
712598.37
713268.87
714060.87
714847.50
715637.68
715032.00
714374.06
715164.25
715958.06
716751.87
717471.00
716679.00
715892.37
715626.87
716409.87
717200.06
717983.06
718773.25
719563.50
720353.68
720223.18
719433.00
718639.18
717849.00
717062.37
716570.06
716151.56
715365.00
714707.06
715490.06
716283.87
717070.50
717857.06
718647.25
719078.37
719509.50
719641.75
718849.75
718065.00
717680.68
718470.87
719264.68
719836.18
719038.75
718778.68
718876.75
718090.18
717303.56
716518.75
715728.56
714945.56
714153.56
713361.56
712578.56
711792.00
710998.18
710204.37
709417.75
709937.06
710727.25
710568.00
709781.37
708994.75
708201.00
707418.00
707319.00
706532.37
705745.81
704959.18
705096.87
705887.06
706134.56
705340.81
704550.56
703756.81
702973.81
702183.56
701389.81
700592.37
699807.56
699013.81
698227.18
697433.37
696654.00
696354.31
697148.06
697931.06
698721.31
699506.06
700296.31
701086.50
701876.68
702666.87
703455.31
704249.06
705028.50
705822.31
706612.50
707409.87
708196.50
708983.06
709771.50
709306.18
708516.00
707720.37
706946.37
706159.81
705366.00
704579.37
704715.31
704801.68
705591.87
705684.56
704892.56
704102.37
703314.00
703176.31
703973.68
703818.00
703020.56
702234.00
701440.18
700646.37
700899.31
701685.87
701123.37
700442.06
701203.50
701950.50
702683.06
703397.68
704094.31
704772.87
705101.37
704460.56
703843.18
703236.56
702651.56
702084.56
701532.00
700993.81
700721.06
701216.06
700936.18
700471.81
700020.00
699586.18
699168.56
698765.37
698383.81
698016.56
697662.00
697329.00
697010.37
696702.56
696411.00
696137.37
695885.37
695646.00
695418.31
695206.81
695003.37
694821.56
694645.18
694488.56
694340.06
694209.56
694085.37
693972.87
693874.81
693786.56
693707.37
693639.00
693581.37
693532.81
693499.50
693473.37
693455.37
693450.00
693451.81
693451.81
693453.56
693453.56
693455.37
693457.18
693457.18
693457.18
693457.18
693457.18
693457.18
693457.18
693457.18
693457.18
693457.18
693457.18
693457.18
693457.18
693457.18
693457.18
693457.18
693457.18
693457.18
693457.18
693457.18
693457.18
693457.18
693457.18
693457.18
693457.18
693457.18
693457.18
693457.18
693457.18
693457.18
693457.18
693457.18
693457.18
693457.18
693457.18
693457.18
693457.18
693457.18
693457.18
693457.18
693457.18
693457.18
693457.18
693457.18
693457.18
693457.18
693457.18
693457.18
693457.18
693457.18
693457.18
693457.18
693457.18
693457.18
693457.18
693457.18
693457.18
693457.18
693457.18
693457.18
693457.18
693457.18
693457.18
693457.18
693457.18
693457.18
693457.18
693457.18
693457.18
693457.18
693457.18
693457.18
693457.18
693457.18
693457.18
693457.18
693457.18
693457.18
693457.18
693457.18
693457.18
693457.18
693457.18
693457.18
693457.18
693457.18
693457.18
693457.18
693457.18
693457.18
693457.18
693457.18
693457.18
693457.18
693457.18
693457.18
693457.18
693457.18
693457.18
693457.18
693457.18
693457.18
693457.18
693457.18
693457.18
693457.18
693457.18
693457.18
693457.18
693457.18
693457.18
693457.18
693457.18
693457.18
693457.18
693457.18
693457.18
693457.18
693457.18
693457.18
693457.18
693457.18
693457.18
693457.18
693457.18
693457.18
693457.18
693457.18
693457.18
693457.18
693457.18
693457.18
693457.18
693457.18
693457.18
693457.18
693457.18
693457.18
693457.18
693457.18
693457.18
693457.18
693457.18
693457.18
693457.18
693457.18
693457.18
693457.18
693457.18
693457.18
693457.18
693457.18
693457.18
693457.18
693457.18
693457.18
693457.18
693457.18
693457.18
693457.18
693457.18
693457.18
693457.18
693457.18
693457.18
693457.18
693457.18
693457.18
693457.18
693457.18
693457.18
693457.18
693457.18
693457.18
693457.18
693457.18
693457.18
693457.18
693457.18
693457.18
693457.18
693457.18
693457.18
693457.18
693457.18
693457.18
693457.18
693457.18
693457.18
693457.18
693457.18
693453.56
693432.00
693388.81
693322.18
693239.37
693127.81
692985.56
692829.00
692638.18
692434.81
692208.00
691952.37
691684.18
691390.81
691075.81
690739.18
690382.81
690012.00
689616.00
689205.56
688771.81
688327.18
688715.06
689201.06
689706.87
690230.68
690770.68
691287.31
691863.31
692453.68
693051.31
693679.50
694327.50
694991.68
695677.50
695666.68
695790.00
696390.31
697098.56
696331.81
695561.37
694785.56
694009.81
693243.00
692474.37
691704.00
690933.56
690154.18
689385.56
688609.81
687837.56
687060.00
686287.81
685526.37
684750.56
683974.81
683202.56
682437.56
681672.56
680896.81
680131.81
679359.56
678587.37
677815.18
677043.00
676270.81
675495.00
674722.81
673947.00
673174.81
672413.37
671630.37
670858.18
670086.00
669319.18
668557.81
667782.00
667017.00
666241.18
665483.37
664709.37
663930.00
663165.00
662396.37
661642.18
660859.18
660087.00
659309.37
658544.37
657775.81
657000.00
656227.81
655471.81
654703.18
653923.81
653155.18
652388.37
651623.37
650858.37
650089.81
649315.81
648550.81
647776.81
647004.56
646236.00
645463.81
644711.37
643939.18
643167.00
642384.00
641628.00
640855.81
640076.37
639302.37
638544.56
637774.18
636998.37
636219.00
635445.00
634683.56
633911.37
633135.56
632368.81
631600.18
630826.18
630061.18
629289.00
628522.18
627755.37
626986.81
626214.56
625440.56
624664.81
623905.18
623125.81
622357.18
621590.37
620818.18
620053.18
619268.37
618492.56
617725.81
616960.81
616204.81
615432.56
614678.37
613900.81
613121.37
612347.37
611571.56
610808.37
610039.81
609267.56
608500.81
607732.18
606947.37
606168.00
605392.18
604632.56
603864.00
603086.37
602307.00
601527.56
600760.81
599997.56
599225.37
598449.56
597686.37
596914.18
596140.18
595360.81
594585.00
593825.37
593049.56
592279.18
591510.56
590747.37
589982.37
589224.56
588454.18
587682.00
586911.56
586132.18
585356.37
584582.37
583821.00
583036.18
582267.56
581484.56
580721.37
579949.18
579171.56
578395.81
577623.56
576871.18
576095.37
575321.37
574549.18
573782.37
572995.81
572223.56
571446.00
570670.18
569903.37
569120.37
568351.81
567581.37
566809.18
566042.37
565263.00
564490.81
563740.18
562962.56
562183.18
561412.81
560651.37
559882.81
559108.81
558340.18
557568.00
556801.18
556021.81
555253.18
554481.00
553707.00
552952.81
552178.81
551413.81
550641.56
549889.18
549117.00
548348.37
547576.18
546816.56
546044.37
545265.00
544483.81
543711.56
542955.56
542179.81
541414.81
540635.37
539868.56
539100.00
538333.18
537568.18
536801.37
536040.00
535264.18
534484.81
533718.00
532945.81
532394.06
533169.87
533938.50
534705.31
535470.31
536251.50
537030.87
537813.87
538577.06
539352.87
540114.31
540891.87
541653.31
542434.50
543199.50
543968.06
544745.68
545499.87
546277.50
547049.68
547818.31
548574.31
549346.50
550109.68
550885.50
551652.31
552417.31
553189.50
553967.06
554742.87
555506.06
556274.68
557041.50
557810.06
558569.68
559327.50
560101.50
560870.06
561638.68
562416.31
563188.50
563962.50
564745.50
565497.87
566270.06
567040.50
567809.06
568583.06
569351.68
570120.31
570897.87
571677.31
572436.87
573209.06
573979.50
574748.06
575500.50
576265.50
577043.06
577809.87
578556.87
577913.37
577213.18
576518.37
575845.18
575188.18
574549.18
573937.18
573345.00
572747.37
572185.81
571642.18
571102.18
570589.18
570085.18
569608.18
569138.37
568684.81
568245.56
567833.37
567430.18
567041.37
566668.81
566316.00
565970.37
565646.37
565340.37
565047.00
564759.00
564496.18
564247.81
564015.56
563785.18
563581.81
563380.18
563203.81
563031.00
562879.81
562734.00
562611.56
562489.18
562379.37
562289.37
562201.18
562122.00
562055.37
561999.56
561954.56
561924.00
561897.00
561882.56
561879.00
561879.00
561879.00
561879.00
561879.00
561879.00
561879.00
561879.00
561879.00
561879.00
561879.00
561879.00
561879.00
561879.00
561879.00
561879.00
561879.00
561879.00
561879.00
561879.00
561879.00
561879.00
561879.00
561879.00
561879.00
561879.00
561879.00
561879.00
561879.00
561879.00
561879.00
561879.00
561879.00
561879.00
561879.00
561879.00
561879.00
561879.00
561879.00
561879.00
561879.00
561879.00
561879.00
561879.00
561879.00
561879.00
561879.00
561879.00
561879.00
561879.00
561879.00
561879.00
561879.00
561879.00
561879.00
561879.00
561879.00
561879.00
561879.00
561879.00
561879.00
561879.00
561879.00
561879.00
561879.00
561879.00
561879.00
561879.00
561879.00
561879.00
561879.00
561879.00
561879.00
561879.00
561879.00
561879.00
561879.00
561879.00
561879.00
561879.00
561879.00
561879.00
561879.00
561879.00
561879.00
561879.00
561879.00
561879.00
561879.00
561879.00
561879.00
561879.00
561879.00
561879.00
561879.00
561879.00
561879.00
561879.00
561879.00
561879.00
561879.00
561879.00
561879.00
561879.00
561879.00
561879.00
561879.00
561879.00
561879.00
561879.00
561879.00
561879.00
561879.00
561879.00
561879.00
561879.00
561879.00
561879.00
561879.00
561879.00
561879.00
561879.00
561879.00
561879.00
561879.00
561879.00
561879.00
561879.00
561879.00
561879.00
561868.18
561834.00
561774.56
561688.18
561574.81
561436.18
561274.18
561094.18
560887.18
560660.37
560415.56
560145.56
559855.81
559546.18
559216.81
558867.56
558496.81
558108.00
557699.37
557271.00
556826.37
556360.18
555876.00
555373.81
554851.81
554310.00
553753.81
553190.37
552598.18
551986.18
551358.00
550708.18
550044.00
549372.56
548677.81
547956.00
547223.37
546472.81
545700.56
544926.56
544143.56
543367.81
542575.81
541783.81
540990.00
540196.18
539409.56
538612.18
537825.56
537039.00
536248.81
535458.56
534672.00
533881.81
533097.00
532306.81
531516.56
530726.37
529936.18
529142.37
528346.81
527556.56
526766.37
525965.37
525182.37
524388.56
523598.37
522810.00
522019.78
521229.59
520434.00
519647.37
518850.00
518054.37
517264.18
516481.18
515687.37
514895.37
514101.59
513315.00
512523.00
511725.59
510935.37
510147.00
509353.18
508563.00
507771.00
506977.18
506190.59
505402.18
504612.00
503823.59
503029.78
502250.37
501454.78
500664.59
499876.18
499086.00
498292.18
497489.37
496695.59
495901.78
495113.37
494316.00
493524.00
492730.18
491940.00
491148.00
490365.00
489569.37
488775.59
487976.37
487186.18
486385.18
485593.18
484803.00
484011.00
483217.18
482430.59
481638.59
480848.37
480049.18
479251.78
478467.00
477673.18
476884.78
476094.59
475304.37
474505.18
473725.78
472930.18
472132.78
471346.18
470554.18
469758.59
468979.18
468189.00
467404.18
466610.37
465814.78
465028.18
464234.37
463438.78
462654.00
461871.00
461091.59
460299.59
459513.00
458717.37
457920.00
457126.18
456330.59
455542.18
454759.18
453969.00
453177.00
452386.78
451584.00
450790.18
450000.00
449204.37
448416.00
447629.37
446839.18
446058.00
445267.78
444479.37
443692.78
442904.37
442112.37
441318.59
440517.59
439722.00
438928.18
438125.37
437328.00
436532.37
435738.59
434939.37
434140.18
433357.18
432567.00
431775.00
430979.37
430182.00
429382.78
428596.18
427815.00
427039.18
426254.37
425453.37
424657.78
423856.78
423061.18
422281.78
421504.18
420712.18
419922.00
419135.37
418347.00
417555.00
416761.18
415967.37
415179.00
414390.59
413604.00
412803.00
412003.78
411210.00
410418.00
409627.78
408832.18
408045.59
407257.18
406459.78
405662.37
404874.00
404080.18
403284.59
402487.18
401702.37
400919.37
400123.78
399340.78
398547.00
397762.18
396970.18
396180.00
395386.18
394587.00
393793.18
393001.18
392203.78
391411.78
390621.59
389829.59
389035.78
388240.18
387453.59
386668.78
385878.59
385083.00
384296.37
383518.78
382732.18
381936.59
381142.78
380340.00
379544.37
378757.78
377962.18
377172.00
376383.59
375591.59
374801.37
374005.78
373212.00
372416.37
371624.37
370830.59
370031.37
369241.18
368445.59
367644.59
366845.37
366076.78
365322.59
364584.59
363870.00
363173.37
362496.59
361850.37
361206.00
360588.59
359985.59
359400.59
358830.00
358279.18
357739.18
357222.59
356725.78
356243.37
355779.00
355325.37
354895.18
354475.78
354074.37
353689.18
353320.18
352974.59
352639.78
352319.40
352011.59
351721.78
351446.40
351185.40
350940.59
350708.40
350492.40
350289.00
350100.00
349925.40
349763.40
349614.00
349477.18
349353.00
349241.40
349138.78
349048.78
348969.59
348899.40
348840.00
348791.40
348753.59
348724.78
348704.09
348697.78
348697.78
348697.78
348697.78
348697.78
348697.78
348697.78
348697.78
348697.78
348697.78
348697.78
348697.78
348697.78
348697.78
348697.78
348697.78
348697.78
348697.78
348697.78
348697.78
348697.78
348697.78
348697.78
348697.78
348697.78
348697.78
348697.78
348697.78
348697.78
348697.78
348697.78
348697.78
348697.78
348697.78
348697.78
348697.78
348697.78
348697.78
348697.78
348697.78
348697.78
348697.78
348697.78
348697.78
348697.78
348697.78
348697.78
348697.78
348697.78
348697.78
348697.78
348697.78
348697.78
348697.78
348697.78
348697.78
348697.78
348697.78
348697.78
348697.78
348697.78
348697.78
348697.78
348697.78
348697.78
348697.78
348697.78
348697.78
348697.78
348697.78
348697.78
348697.78
348697.78
348697.78
348697.78
348697.78
348697.78
348697.78
348697.78
348697.78
348683.40
348643.78
348579.00
348485.40
348369.28
348229.78
348064.18
347878.78
347668.18
347437.78
347187.59
346915.78
346622.40
346309.18
345976.18
345623.40
345249.00
344856.59
344444.40
344017.78
343569.59
343103.40
342615.59
342108.00
341584.18
341040.59
340480.78
339904.78
339309.00
338693.40
338058.00
337419.00
336751.18
336070.78
335372.40
334650.59
333912.59
333169.18
332400.59
331615.78
330827.40
330037.18
329239.78
328442.40
327655.78
326865.59
326079.00
325285.18
324495.00
323710.18
322912.78
322126.18
321334.18
320544.00
319757.40
318963.59
318175.18
317385.00
316600.18
315806.40
315016.18
314213.40
313419.59
312625.78
311837.40
311050.78
310255.18
309457.78
308660.40
307868.40
307078.18
306286.18
305499.59
304707.59
303913.78
303120.00
302320.78
301534.18
300731.40
299944.78
299167.18
298373.40
297577.78
296787.59
295995.59
295219.78
294436.78
293644.78
292852.78
292055.40
291252.59
290451.59
289659.59
288883.78
288099.00
287305.18
286516.78
285715.78
284923.78
284133.59
283334.40
282535.18
281748.59
280962.00
280166.40
279374.40
278584.18
277794.00
277005.59
276220.78
275434.18
274645.78
273852.00
273060.00
272269.78
271477.78
270687.59
269888.40
269089.18
268291.78
267501.59
266713.18
265917.59
265123.78
264333.59
263545.18
262753.18
261952.18
261160.18
260366.39
259570.79
258773.39
257974.18
257176.79
256377.59
255583.79
254791.79
254008.79
253211.39
252419.39
251631.00
250848.00
250054.18
249262.18
248461.18
247665.59
246871.79
246081.59
245300.39
244503.00
243714.59
242924.39
242121.59
241327.79
240535.79
239752.79
238969.79
238181.39
237393.00
236606.39
235809.00
235027.79
234234.00
233434.79
232644.59
231849.00
231055.18
230259.59
229458.59
228659.39
227862.00
227070.00
226272.59
225475.18
224690.39
223902.00
223111.79
222319.79
221544.00
220762.79
219976.18
219187.79
218397.59
217602.00
216811.79
216016.18
215222.39
214444.79
213658.18
212866.18
212072.39
211269.59
210481.18
209687.39
208891.79
208094.39
207306.00
206526.59
205738.18
204955.18
204170.39
203374.79
202584.59
201796.18
201006.00
200210.39
199423.79
198628.18
197834.39
197038.79
196246.79
195463.79
194682.59
193885.18
193093.18
192303.00
191511.00
190720.79
189936.00
189145.79
188350.18
187552.79
186766.18
185981.39
185196.59
184402.79
183612.59
182824.18
182030.39
181245.59
180448.18
179665.18
178866.00
178079.39
177296.39
176500.79
175703.39
174913.20
174121.20
173331.00
172533.59
171739.79
170949.59
170152.20
169354.79
168562.79
167776.20
166993.20
166206.59
165412.79
164637.00
163848.59
163054.79
162264.59
161470.79
160675.20
159885.00
159098.39
158304.59
157512.59
156718.79
155925.00
155136.59
154350.00
153550.79
152757.00
151966.79
151182.00
150391.79
149598.00
148804.20
148023.00
147236.39
146448.00
145650.59
144864.00
144072.00
143280.00
142486.20
141696.00
140907.59
140117.39
139321.79
138538.79
137748.59
136949.39
136162.79
135367.20
134580.59
133792.20
132994.79
132206.39
131416.20
130624.20
129826.80
129031.20
128230.20
127431.00
126633.60
125850.60
125089.20
124353.00
123616.80
122909.40
122212.80
121555.80
120893.40
120252.60
119631.60
119023.20
118438.20
117869.40
117320.40
116784.00
116265.60
115765.20
115281.00
114814.80
114366.60
113932.80
113520.60
113122.80
112739.40
112372.20
112024.80
111690.00
111371.40
111069.00
110779.20
110511.00
110251.80
110008.80
109780.20
109566.00
109364.40
109177.20
109004.40
108844.20
108696.60
108563.40
108441.00
108329.40
108229.50
108141.30
108063.00
107994.60
107937.00
107890.20
107854.20
107829.00
107816.40
107812.80
107812.80
107812.80
107812.80
107812.80
107812.80
107812.80
107812.80
107812.80
107812.80
107812.80
107812.80
107812.80
107812.80
107812.80
107812.80
107812.80
107812.80
107812.80
107812.80
107812.80
107812.80
107812.80
107812.80
107812.80
107812.80
107812.80
107812.80
107812.80
107812.80
107812.80
107812.80
107812.80
107812.80
107812.80
107812.80
107812.80
107812.80
107812.80
107812.80
107812.80
107812.80
107812.80
107812.80
107812.80
107812.80
107812.80
107812.80
107812.80
107812.80
107812.80
107812.80
107812.80
107812.80
107812.80
107812.80
107812.80
107812.80
107812.80
107812.80
107812.80
107812.80
107812.80
107812.80
107812.80
107812.80
107812.80
107812.80
107812.80
107812.80
107812.80
107812.80
107812.80
107812.80
107812.80
107812.80
107812.80
107812.80
107812.80
107812.80
107812.80
107812.80
107812.80
107812.80
107812.80
107812.80
107812.80
107812.80
107812.80
107812.80
107812.80
107812.80
107812.80
107812.80
107812.80
107812.80
107812.80
107812.80
107812.80
107812.80
107812.80
107812.80
107812.80
107812.80
107812.80
107812.80
107812.80
107812.80
107812.80
107812.80
107812.80
107812.80
107812.80
107812.80
107812.80
107812.80
107812.80
107812.80
107812.80
107812.80
107812.80
107812.80
107812.80
107812.80
107812.80
107812.80
107812.80
107812.80
107807.40
107776.80
107717.40
107631.00
107521.20
107386.20
107227.80
107046.00
106842.60
106617.60
106371.00
106104.60
105816.60
105508.80
105184.80
104837.40
104468.40
104085.00
103678.20
103255.20
102810.60
102346.20
101862.00
101359.80
100841.40
100301.40
99743.40
99199.80
98641.80
98073.00
97480.80
96870.60
96258.60
95625.00
94971.60
94307.40
93621.60
92928.60
92226.60
91512.00
90774.00
90027.00
89285.40
88551.00
87809.40
87067.80
86324.40
85572.00
84826.80
84076.20
83334.60
82587.60
81835.20
81093.60
80343.00
79599.60
78858.00
78111.00
77369.40
76615.20
75870.00
75123.00
74376.00
73630.80
72883.80
72138.60
71391.60
70644.60
69892.20
69141.60
68398.20
67653.00
66895.20
66150.00
65395.80
64656.00
63907.20
63163.80
62416.80
61671.60
60917.40
60172.20
59421.60
58674.60
57933.00
57186.00
56435.40
55692.00
54950.40
54207.00
53472.60
52718.40
51971.40
51217.20
50468.40
49721.40
48974.40
48218.40
47471.40
46720.80
45982.80
45228.60
44479.80
43729.20
42978.60
42235.20
41490.00
40743.00
39992.40
39243.60
38493.00
37735.20
36990.00
36243.00
35496.00
34749.00
34005.60
33256.80
32502.60
31744.80
30999.60
30245.40
29487.60
28733.40
27986.40
27237.60
26479.80
25729.20
24982.20
24237.00
23486.40
22746.60
21999.60
21249.00
20500.20
19753.20
18999.00
18248.40
17510.40
16763.40
16020.00
15273.00
14518.80
13766.40
13012.20
12268.80
11525.40
10774.80
10029.60
9275.40
8569.80
7864.20
7162.20
6460.20
5761.80
5059.80
4350.60
3637.80
2932.20
2226.60
1522.80
824.40
163.80
-496.80
-1202.40
-1942.20
-2685.60
-3430.80
-4188.60
-4942.80
-5691.60
-6438.60
-7178.40
-7925.40
-8663.40
-9414.00
-10164.60
-10958.40
-11741.40
-12537.00
-13323.60
-14115.60
-14916.60
-15708.60
-16498.80
-17294.40
-18088.20
-18885.60
-19674.00
-20462.40
-21252.60
-22039.20
-22831.20
-23623.20
-24406.20
-25185.60
-25974.00
-26767.80
-27559.80
-28350.00
-29134.80
-29925.00
-30720.60
-31518.00
-32306.40
-33085.80
-33881.40
-34675.20
-35463.60
-36257.40
-37045.80
-37839.60
-38635.20
-39429.00
-40224.60
-41009.40
-41796.00
-42584.40
-43378.20
-44177.40
-44971.20
-45756.00
-46539.00
-47320.20
-48106.80
-48888.00
-49678.20
-50473.80
-51267.60
-52063.20
-52849.80
-53641.80
-54432.00
-55213.20
-56003.40
-56795.40
-57582.00
-58366.80
-59162.40
-59959.80
-60759.00
-61552.80
-62348.40
-63138.60
-63919.80
-64699.20
-65494.80
-66288.60
-67077.00
-67865.40
-68659.20
-69444.00
-70237.80
-71037.00
-71838.00
-72640.80
-73434.60
-74233.80
-75034.80
-75819.60
-76617.00
-77414.40
-78206.40
-79002.00
-79785.00
-80571.60
-81367.20
-82157.40
-82956.60
-83750.40
-84549.60
-85350.60
-86146.20
-86934.60
-87717.60
-88506.00
-89303.40
-90091.80
-90882.00
-91674.00
-92475.00
-93270.60
-94059.00
-94838.40
-95634.00
-96427.80
-97212.60
-98002.80
-98791.20
-99586.80
-100380.60
-101223.00
-102056.40
-102895.20
-103734.00
-104560.20
-105406.20
-106245.00
-107082.00
-107920.80
-108763.20
-109596.60
-110424.60
-111261.60
-112089.60
-112932.00
-113776.20
-114611.40
-115450.20
-116283.60
-117115.20
-117948.60
-118776.60
-119615.40
-120452.40
-121284.00
-122113.80
-122949.00
-123786.00
-124624.80
-125463.60
-126297.00
-127125.00
-127960.20
-128800.80
-129643.20
-130480.20
-131315.39
-132154.20
-132994.79
-133830.00
-134640.00
-135435.59
-136206.00
-136956.59
-137683.79
-138394.79
-139087.79
-139753.79
-140403.59
-141028.20
-141640.20
-142228.79
-142801.20
-143353.79
-143883.00
-144390.59
-144885.59
-145360.79
-145818.00
-146257.20
-146678.39
-147079.79
-147459.59
-147825.00
-148174.20
-148501.79
-148815.00
-149112.00
-149392.79
-149655.59
-149904.00
-150134.39
-150350.39
-150552.00
-150735.59
-150906.59
-151063.20
-151203.59
-151333.20
-151448.39
-151551.89
-151644.59
-151723.79
-151792.20
-151846.20
-151889.39
-151923.59
-151948.79
-151968.59
-151974.00
-151970.39
-151968.59
-151967.70
-151967.70
-151967.70
-151967.70
-151967.70
-151967.70
-151967.70
-151967.70
-151967.70
-151967.70
-151967.70
-151967.70
-151967.70
-151967.70
-151967.70
-151967.70
-151967.70
-151967.70
-151967.70
-151967.70
-151967.70
-151967.70
-151967.70
-151967.70
-151967.70
-151967.70
-151967.70
-151967.70
-151967.70
-151967.70
-151967.70
-151967.70
-151967.70
-151967.70
-151967.70
-151967.70
-151967.70
-151967.70
-151967.70
-151967.70
-151967.70
-151967.70
-151967.70
-151967.70
-151967.70
-151967.70
-151967.70
-151968.59
-151983.89
-152024.39
-152092.79
-152188.20
-152310.59
-152460.00
-152634.59
-152836.20
-153061.20
-153309.59
-153583.20
-153878.39
-154195.20
-154535.39
-154899.00
-155280.59
-155687.39
-156115.79
-156565.79
-157037.39
-157528.79
-158040.00
-158574.59
-159130.79
-159706.79
-160304.39
-160921.79
-161539.20
-162187.20
-162860.39
-163551.59
-164266.20
-164995.20
-165738.59
-166507.20
-167290.20
-168087.59
-168899.39
-169714.79
-170548.20
-171388.79
-172215.00
-173046.59
-173885.39
-174720.59
-175552.20
-176398.20
-177229.79
-178066.79
-178912.79
-179744.39
-180579.59
-181418.39
-182257.18
-183105.00
-183947.39
-184782.59
-185614.18
-186449.39
-187279.18
-188107.18
-188938.79
-189783.00
-190621.79
-191460.59
-192286.79
-193129.18
-193960.79
-194790.59
-195622.18
-196443.00
-197280.00
-198111.59
-198939.59
-199787.39
-200622.59
-201459.59
-202294.79
-203130.00
-203963.39
-204802.18
-205644.59
-206488.79
-207320.39
-208150.18
-208989.00
-209829.59
-210664.79
-211505.39
-212347.79
-213184.79
-214020.00
-214855.18
-215685.00
-216513.00
-217342.79
-218178.00
-219007.79
-219843.00
-220680.00
-221518.79
-222352.18
-223189.18
-224024.39
-224865.00
-225696.59
-226535.39
-227368.79
-228202.18
-229041.00
-229874.39
-230709.59
-231550.18
-232378.18
-233215.18
-234050.39
-234891.00
-235726.18
-236559.59
-237393.00
-238231.79
-239072.39
-239907.59
-240737.39
-241569.00
-242402.39
-243241.18
-244074.59
-244918.79
-245750.39
-246580.18
-247422.59
-248259.59
-249096.59
-249924.59
-250754.39
-251587.79
-252426.59
-253263.59
-254097.00
-254932.18
-255769.18
-256597.18
-257437.79
-258276.59
-259110.00
-259948.79
-260785.79
-261619.18
-262454.40
-263287.78
-264126.59
-264960.00
-265793.40
-266632.18
-267463.78
-268300.78
-269134.18
-269976.59
-270813.59
-271652.40
-272489.40
-273321.00
-274150.78
-274987.78
-275823.00
-276667.18
-277506.00
-278346.59
-279181.78
-280022.40
-280861.18
-281694.59
-282531.59
-283366.78
-284203.78
-285040.78
-285876.00
-286713.00
-287551.78
-288388.78
-289222.18
-290050.18
-290876.40
-291711.59
-292548.59
-293383.78
-294224.40
-295059.59
-295900.18
-296733.59
-297568.78
-298405.78
-299242.78
-300078.00
-300907.78
-301739.40
-302572.78
-303399.00
-304234.18
-305069.40
-305910.00
-306754.18
-307585.78
-308419.18
-309261.59
-310095.00
-310933.78
-311767.18
-312602.40
-313435.78
-314271.00
-315108.00
-315939.59
-316773.00
-317613.59
-318448.78
-319287.59
-320131.78
-320963.40
-321800.40
-322633.78
-323472.59
-324313.18
-325148.40
-325978.18
-326813.40
-327654.00
-328496.40
-329319.00
-330157.78
-330994.78
-331833.59
-332670.59
-333498.59
-334328.40
-335167.18
-336004.18
-336841.18
-337680.00
-338517.00
-339352.18
-340185.59
-341028.00
-341868.59
-342707.40
-343544.40
-344385.00
-345223.78
-346057.18
-346890.59
-347729.40
-348559.18
-349398.00
-350242.18
-351075.59
-351918.00
-352751.40
-353584.78
-354427.18
-355267.78
-356106.59
-356940.00
-357780.59
-358619.37
-359460.00
-360291.59
-361132.18
-361971.00
-362808.00
-363648.59
-364483.78
-365324.37
-366163.18
-366996.59
-367840.78
-368676.00
-369505.78
-370342.78
-371178.00
-372011.37
-372850.18
-373676.37
-374517.00
-375352.18
-376189.18
-377033.37
-377868.59
-378709.18
-379548.00
-380388.59
-381227.37
-382071.59
-382897.78
-383733.00
-384577.18
-385416.00
-386249.37
-387088.18
-387925.18
-388765.78
-389597.37
-390429.00
-391273.18
-392110.18
-392949.00
-393778.78
-394614.00
-395447.37
-396279.00
-397116.00
-397951.18
-398795.37
-399630.59
-400467.59
-401299.18
-402136.18
-402976.78
-403812.00
-404647.18
-405484.18
-406324.78
-407160.00
-408000.59
-408839.37
-409674.59
-410508.00
-411336.00
-412173.00
-413013.59
-413848.78
-414687.59
-415524.59
-416349.00
-417189.59
-418024.78
-418854.59
-419691.59
-420530.37
-421362.00
-422206.18
-423043.18
-423882.00
-424719.00
-425554.18
-426387.59
-427224.59
-428070.59
-428896.78
-429733.78
-430561.78
-431395.18
-432237.59
-433074.59
-433900.78
-434739.59
-435569.37
-436404.59
-437245.18
-438089.37
-438917.37
-439750.78
-440587.78
-441423.00
-442260.00
-443097.00
-443928.59
-444762.00
-445599.00
-446430.59
-447271.18
-448104.59
-448950.59
-449784.00
-450613.78
-451449.00
-452286.00
-453115.78
-453961.78
-454791.59
-455628.59
-456467.37
-457304.37
-458148.59
-458991.00
-459820.78
-460657.78
-461489.37
-462326.37
-463141.78
-463942.78
-464715.00
-465476.37
-466214.37
-466938.00
-467629.18
-468309.59
-468972.00
-469607.37
-470228.37
-470833.18
-471412.78
-471974.37
-472512.59
-473038.18
-473544.00
-474028.18
-474498.00
-474946.18
-475374.59
-475785.00
-476179.18
-476557.18
-476915.37
-477257.37
-477581.37
-477889.18
-478179.00
-478454.37
-478711.78
-478953.00
-479178.00
-479386.78
-479583.00
-479761.18
-479926.78
-480076.18
-480214.78
-480337.18
-480447.00
-480547.78
-480634.18
-480708.87
-480771.00
-480823.18
-480866.37
-480897.00
-480913.18
-480916.78
-480916.78
-480916.78
-480916.78
-480916.78
-480916.78
-480916.78
-480916.78
-480916.78
-480916.78
-480916.78
-480916.78
-480916.78
-480916.78
-480916.78
-480916.78
-480916.78
-480916.78
-480916.78
-480916.78
-480916.78
-480916.78
-480916.78
-480916.78
-480916.78
-480916.78
-480916.78
-480916.78
-480916.78
-480916.78
-480916.78
-480916.78
-480916.78
-480916.78
-480916.78
-480916.78
-480916.78
-480916.78
-480916.78
-480916.78
-480916.78
-480916.78
-480916.78
-480916.78
-480916.78
-480916.78
-480916.78
-480916.78
-480916.78
-480916.78
-480916.78
-480916.78
-480916.78
-480916.78
-480916.78
-480916.78
-480916.78
-480916.78
-480916.78
-480916.78
-480916.78
-480916.78
-480916.78
-480916.78
-480916.78
-480916.78
-480916.78
-480916.78
-480916.78
-480916.78
-480916.78
-480916.78
-480916.78
-480916.78
-480916.78
-480916.78
-480916.78
-480916.78
-480916.78
-480916.78
-480916.78
-480916.78
-480916.78
-480916.78
-480916.78
-480916.78
-480916.78
-480916.78
-480916.78
-480916.78
-480916.78
-480916.78
-480916.78
-480916.78
-480916.78
-480916.78
-480916.78
-480916.78
-480916.78
-480916.78
-480916.78
-480916.78
-480916.78
-480916.78
-480916.78
-480916.78
-480916.78
-480916.78
-480916.78
-480916.78
-480916.78
-480916.78
-480916.78
-480916.78
-480916.78
-480916.78
-480916.78
-480916.78
-480916.78
-480916.78
-480916.78
-480916.78
-480916.78
-480916.78
-480916.78
-480916.78
-480916.78
-480916.78
-480916.78
-480916.78
-480916.78
-480916.78
-480916.78
-480916.78
-480916.78
-480916.78
-480916.78
-480916.78
-480916.78
-480916.78
-480916.78
-480916.78
-480916.78
-480916.78
-480916.78
-480916.78
-480916.78
-480916.78
-480916.78
-480916.78
-480916.78
-480916.78
-480916.78
-480916.78
-480916.78
-480916.78
-480916.78
-480916.78
-480916.78
-480916.78
-480916.78
-480916.78
-480916.78
-480916.78
-480916.78
-480916.78
-480916.78
-480916.78
-480916.78
-480929.37
-480970.78
-481041.00
-481138.18
-481262.37
-481412.68
-481590.00
-481791.59
-482020.18
-482272.18
-482547.59
-482844.59
-483162.28
-483501.59
-483867.00
-484255.78
-484664.37
-485096.37
-485546.37
-486016.18
-486513.00
-487026.00
-487564.18
-488115.00
-488694.59
-489295.78
-489915.00
-490550.37
-491207.37
-491884.18
-492586.18
-493302.59
-493341.28
-494069.37
-494848.78
-495639.00
-496445.37
-497259.00
-498078.00
-498902.37
-498249.87
-497421.87
-496604.68
-495780.28
-494959.50
-494131.50
-493310.68
-492495.28
-491674.50
-490857.28
-490040.09
-489222.87
-488396.68
-487575.87
-486744.28
-485932.50
-485104.50
-484272.87
-483741.00
-484576.18
-485398.78
-486219.59
-487044.00
-487781.09
-486953.09
-486750.59
-487566.00
-488404.78
-489240.00
-490062.59
-490879.78
-491706.00
-492519.59
-493349.37
-494166.59
-495000.00
-495817.18
-496641.59
-497462.37
-498290.37
-499104.00
-499944.59
-500747.37
-501561.00
-502378.18
-503202.59
-503144.09
-502323.28
-501489.87
-500658.28
-499823.09
-498996.87
-498183.28
-497353.50
-496532.68
-495702.87
-494878.50
-494063.09
-493242.28
-492410.68
-491577.28
-490743.87
-491250.59
-492069.59
-492897.59
-493727.37
-494551.78
-495388.78
-496209.59
-496075.50
-495247.50
-494421.28
-493602.28
-492788.68
-491973.28
-491156.09
-490329.87
-489501.87
-488679.28
-487858.50
-487025.09
-486191.68
-486734.37
-487560.59
-488385.00
-489207.59
-490023.00
-490851.00
-491624.09
-490796.09
-489966.28
-489145.50
-488319.28
-487494.87
-486761.37
-487602.00
-488426.37
-489245.37
-490080.59
-490903.18
-491718.59
-492539.37
-493362.00
-494186.37
-495016.18
-495826.18
-496386.87
-495560.68
-494747.09
-493924.50
-493096.50
-492284.68
-491462.09
-490634.09
-489807.87
-488976.28
-488150.09
-487331.09
-486495.87
-485666.09
-484841.68
-484015.50
-483194.68
-482364.87
-481536.87
-480703.50
-479880.87
-479049.28
-478230.28
-477405.87
-476579.68
-475757.09
-475349.37
-476182.78
-476996.37
-477822.59
-478650.59
-479484.00
-480319.18
-481145.37
-480971.68
-480140.09
-479321.09
-478498.50
-477670.50
-476858.68
-476023.50
-475190.09
-474371.09
-473546.68
-472716.87
-472807.78
-473635.78
-474472.78
-475297.18
-476130.59
-476953.18
-477781.18
-478603.78
-479428.18
-479913.28
-479076.28
-478262.68
-477432.87
-476608.50
-475793.09
-474963.28
-474146.09
-473323.50
-472493.68
-471672.87
-470853.87
-470022.28
-469203.28
-468373.50
-468095.37
-468907.18
-469735.18
-469982.68
-469165.50
-468335.68
-467507.68
-466681.50
-465855.28
-465034.50
-464215.50
-463380.28
-462548.68
-461715.28
-460890.87
-460075.50
-459258.28
-458433.87
-457618.50
-456797.68
-455960.68
-455132.68
-454690.78
-455508.00
-455472.87
-454639.50
-453807.87
-452983.50
-452157.28
-451336.50
-450519.28
-449689.50
-448868.68
-448040.68
-447218.09
-446397.28
-445572.87
-444739.50
-444738.59
-445582.78
-446414.37
-447249.59
-448072.18
-448278.28
-447457.50
-446625.87
-445796.09
-445903.18
-446738.37
-446139.87
-445315.50
-444480.28
-443657.68
-443836.78
-444657.59
-444696.28
-443866.50
-443031.28
-442214.09
-441377.09
-440545.50
-439719.28
-438884.09
-438052.50
-437211.87
-436376.68
-435550.50
-434726.09
-433896.28
-433071.87
-432243.87
-431956.78
-432774.00
-433598.37
-434415.59
-433701.87
-432866.68
-432038.68
-431217.87
-430386.28
-430176.59
-430997.37
-431832.59
-432666.00
-431885.68
-431104.50
-430346.68
-429603.28
-430178.37
-430873.18
-431553.59
-432217.78
-432856.78
-433490.37
-434097.00
-434687.37
-435243.59
-435798.00
-436332.59
-436852.78
-437346.00
-437826.59
-438289.18
-438724.78
-439147.78
-439554.59
-439943.37
-440307.00
-440659.78
-440996.37
-441311.37
-441613.78
-441898.18
-442166.37
-442418.37
-442654.18
-442875.59
-443080.78
-443269.78
-443446.18
-443606.37
-443752.18
-443885.37
-444004.18
-444110.37
-444207.59
-444290.37
-444362.37
-444420.00
-444468.59
-444506.37
-444537.00
-444555.00
-444558.59
-444555.00
-444555.00
-444555.00
-444555.00
-444555.00
-444555.00
-444555.00
-444555.00
-444555.00
-444555.00
-444555.00
-444555.00
-444555.00
-444555.00
-444555.00
-444555.00
-444555.00
-444555.00
-444555.00
-444555.00
-444555.00
-444555.00
-444555.00
-444555.00
-444555.00
-444555.00
-444555.00
-444555.00
-444555.00
-444555.00
-444555.00
-444555.00
-444555.00
-444555.00
-444555.00
-444555.00
-444555.00
-444555.00
-444555.00
-444555.00
-444555.00
-444555.00
-444555.00
-444555.00
-444555.00
-444555.00
-444555.00
-444555.00
-444555.00
-444555.00
-444555.00
-444555.00
-444555.00
-444555.00
-444555.00
-444555.00
-444555.00
-444555.00
-444555.00
-444555.00
-444555.00
-444555.00
-444555.00
-444555.00
-444555.00
-444555.00
-444555.00
-444555.00
-444555.00
-444555.00
-444555.00
-444555.00
-444555.00
-444555.00
-444555.00
-444555.00
-444555.00
-444555.00
-444555.00
-444555.00
-444555.00
-444555.00
-444555.00
-444555.00
-444555.00
-444555.00
-444555.00
-444555.00
-444555.00
-444555.00
-444555.00
-444555.00
-444555.00
-444555.00
-444555.00
-444555.00
-444555.00
-444555.00
-444555.00
-444555.00
-444555.00
-444555.00
-444555.00
-444555.00
-444555.00
-444555.00
-444556.78
-444574.78
-444614.37
-444681.00
-444776.37
-444879.00
-445032.00
-445194.00
-445397.37
-445613.37
-445852.78
-446130.00
-445940.09
-445619.68
-445279.50
-444915.00
-444528.87
-444122.09
-443695.50
-443214.87
-442712.68
-442185.28
-441638.09
-441063.87
-440471.68
-440370.00
-440653.50
-439998.28
-439325.09
-438759.00
-439480.78
-440218.78
-440973.00
-441220.50
-440430.28
-439600.50
-438756.28
-437931.87
-437076.87
-437577.28
-437824.78
-438687.00
-439542.00
-440406.00
-441257.37
-441468.87
-440599.50
-440348.37
-441196.18
-440759.68
-439908.28
-439040.68
-439723.78
-440580.59
-440630.09
-439764.28
-438912.87
-439158.59
-440024.37
-440901.00
-441756.00
-442611.00
-443466.00
-444331.78
-445194.00
-446045.37
-446205.59
-447049.78
-447329.68
-446481.87
-445614.28
-445645.78
-446502.59
-447359.37
-448223.37
-447642.00
-448504.18
-449316.00
-450181.78
-451044.00
-451902.59
-451347.28
-450492.28
-449647.18
-449491.50
-449269.18
-449458.18
-450333.00
-450243.87
-449376.28
-448526.68
-448187.37
-448164.87
-447295.50
-446444.09
-445581.87
-444730.50
-444988.78
-444375.87
-443510.09
-442658.68
-441801.87
-440943.28
-441091.78
-441303.28
-440742.59
-441613.78
-442474.18
-443331.00
-444187.78
-445048.18
-445896.00
-446761.78
-446804.09
-447129.00
-447902.09
-447047.09
-446188.50
-445315.50
-444467.68
-443594.68
-444121.18
-444979.78
-445842.00
-446686.18
-447537.59
-447414.28
-447129.00
-447993.00
-448864.18
-449706.59
-450563.37
-451405.78
-451075.50
-451036.78
-450791.09
-449939.68
-449073.87
-448218.87
-447723.00
-447167.68
-446294.68
-445418.09
-444862.78
-445730.37
-446590.78
-447460.18
-448318.78
-449191.78
-450050.37
-450901.78
-451746.00
-452608.18
-451948.50
-451086.28
-450224.09
-449369.09
-449254.78
-450120.59
-450965.68
-451128.59
-450573.28
-449705.68
-450230.37
-451080.00
-451949.37
-452811.59
-453681.00
-454532.37
-454815.87
-453960.87
-453102.28
-452241.87
-451854.00
-452712.59
-453582.00
-454440.59
-455302.78
-456170.37
-457032.59
-457873.18
-458731.78
-459594.00
-460445.37
-461307.59
-462153.59
-463023.00
-462215.68
-461914.18
-462762.00
-463092.28
-462454.18
-463323.59
-464178.59
-465037.18
-465890.37
-466756.18
-467629.18
-468477.00
-468600.28
-467734.50
-466875.87
-466004.68
-465829.18
-466673.37
-466200.87
-465333.28
-464474.68
-463630.50
-463347.00
-464189.37
-465055.18
-465912.00
-466758.00
-466056.87
-465853.50
-465114.59
-465987.59
-466767.87
-466344.00
-466431.28
-465576.28
-464724.87
-463859.09
-462991.50
-462140.09
-461928.59
-462094.18
-462967.18
-463589.09
-462766.50
-461913.28
-461051.09
-461772.00
-462641.37
-462624.28
-462924.00
-463789.78
-464213.68
-464055.28
-463189.50
-462327.28
-461457.87
-460601.09
-460810.78
-461669.37
-462529.78
-463384.78
-464221.78
-465087.59
-465958.78
-466199.09
-465543.00
-465155.09
-464298.28
-463439.68
-462582.87
-461738.68
-461682.00
-462102.28
-461305.78
-462168.00
-463023.00
-463881.59
-464747.37
-465609.59
-466479.00
-467344.78
-468203.37
-468049.50
-468536.37
-469387.78
-470242.78
-471087.00
-470708.09
-470003.37
-470872.78
-470175.28
-469318.50
-468458.09
-468768.59
-468845.09
-468026.09
-467887.50
-468563.37
-469314.00
-470061.00
-470797.18
-471502.78
-471006.87
-470339.09
-469685.68
-469077.28
-469105.18
-469692.00
-470253.59
-470797.18
-471315.59
-471825.00
-471633.28
-471174.28
-470727.87
-470301.28
-469894.50
-469507.50
-469147.50
-468801.87
-468477.87
-468173.68
-467892.87
-467630.09
-467388.87
-467147.68
-466940.68
-466733.68
-466564.50
-466391.68
-466497.00
-466639.18
-466750.78
-466866.00
-466966.78
-467051.37
-467112.59
-467173.78
-467225.09
-467262.00
-467283.59
-467296.18
-467298.00
-467298.00
-467298.00
-467298.00
-467298.00
-467298.00
-467298.00
-467298.00
-467298.00
-467298.00
-467298.00
-467298.00
-467298.00
-467298.00
-467298.00
-467298.00
-467298.00
-467298.00
-467298.00
-467298.00
-467298.00
-467298.00
-467298.00
-467298.00
-467298.00
-467298.00
-467298.00
-467298.00
-467298.00
-467298.00
-467298.00
-467298.00
-467298.00
-467298.00
-467298.00
-467298.00
-467298.00
-467298.00
-467298.00
-467298.00
-467298.00
-467298.00
-467298.00
-467298.00
-467298.00
-467298.00
-467298.00
-467298.00
-467298.00
-467298.00
-467298.00
-467298.00
-467298.00
-467298.00
-467298.00
-467298.00
-467298.00
-467298.00
-467298.00
-467298.00
-467298.00
-467298.00
-467298.00
-467298.00
-467298.00
-467298.00
-467298.00
-467298.00
-467298.00
-467298.00
-467298.00
-467298.00
-467298.00
-467298.00
-467298.00
-467298.00
-467298.00
-467298.00
-467298.00
-467298.00
-467298.00
-467298.00
-467298.00
-467298.00
-467298.00
-467298.00
-467298.00
-467298.00
-467298.00
-467298.00
-467298.00
-467298.00
-467298.00
-467298.00
-467298.00
-467298.00
-467298.00
-467298.00
-467298.00
-467298.00
-467298.00
-467298.00
-467298.00
-467298.00
-467298.00
-467298.00
-467298.00
-467298.00
-467298.00
-467298.00
-467298.00
-467298.00
-467298.00
-467298.00
-467298.00
-467298.00
-467298.00
-467298.00
-467298.00
-467298.00
-467298.00
-467298.00
-467298.00
-467298.00
-467298.00
-467298.00
-467298.00
-467298.00
-467298.00
-467298.00
-467298.00
-467298.00
-467298.00
-467298.00
-467298.00
-467298.00
-467298.00
-467298.00
-467298.00
-467298.00
-467298.00
-467298.00
-467298.00
-467298.00
-467298.00
-467298.00
-467298.00
-467298.00
-467298.00
-467298.00
-467298.00
-467298.00
-467298.00
-467298.00
-467298.00
-467298.00
-467299.78
-467321.37
-467373.59
-467445.59
-467557.18
-467701.18
-467874.00
-468061.18
-468293.37
-468545.37
-468828.00
-469132.18
-469459.78
-469818.00
-470201.37
-470608.18
-471034.78
-471490.18
-471967.18
-472462.18
-472238.09
-471690.87
-471122.09
-470524.50
-469923.28
-470287.78
-470948.37
-471628.78
-472330.78
-473049.00
-473792.37
-473516.09
-472725.87
-471919.50
-471089.68
-470243.68
-469468.78
-470329.18
-470494.78
-470994.28
-470833.18
-470609.09
-471168.00
-472030.18
-472277.68
-471426.28
-470553.28
-469692.87
-469389.59
-470242.78
-471112.18
-470577.59
-471450.59
-472300.18
-473169.59
-473247.87
-472378.50
-471514.50
-470659.50
-469800.87
-468929.68
-468078.28
-467216.09
-466398.87
-465536.68
-465365.68
-464494.50
-463628.68
-464391.00
-465264.00
-466119.00
-466988.37
-467852.37
-468714.59
-468762.28
-467892.87
-467032.50
-466166.68
-465418.78
-466282.78
-465723.87
-464859.87
-463986.87
-464151.59
-465017.37
-465177.59
-466045.18
-465932.68
-465066.87
-464443.18
-465305.37
-466162.18
-467020.78
-466319.68
-465459.28
-464591.68
-463725.87
-462972.59
-463834.78
-464693.37
-465552.00
-465621.28
-464813.09
-463959.87
-463489.18
-463675.50
-462807.87
-461938.50
-461083.50
-460217.68
-459360.87
-458491.50
-457625.68
-456767.09
-455901.28
-455031.87
-455711.37
-455393.68
-454599.87
-453730.50
-452884.50
-452720.68
-451923.28
-451431.00
-450887.37
-451760.37
-452615.37
-453481.18
-454348.78
-454527.00
-455392.78
-456251.37
-457122.59
-457977.59
-458843.37
-458838.87
-457976.68
-457948.78
-458821.78
-459687.59
-460549.78
-460749.59
-461626.18
-462481.18
-463345.18
-463505.37
-464008.50
-463149.87
-462302.09
-462065.37
-462924.00
-462501.87
-463309.18
-464171.37
-465015.59
-465881.37
-466743.59
-467609.37
-468471.59
-469330.18
-470181.59
-471029.37
-471888.00
-472753.78
-473608.78
-474474.59
-475338.59
-475502.37
-476364.59
-477219.59
-478081.78
-478942.18
-479790.00
-480600.00
-480413.68
-479639.68
-478894.50
-478161.87
-477454.50
-476774.09
-476111.68
-475925.37
-476535.59
-477138.59
-477729.00
-478281.59
-478823.37
-479347.18
-479849.37
-480321.00
-480785.37
-481226.37
-481642.18
-482047.18
-482430.59
-482796.00
-483138.00
-483463.78
-483768.00
-484063.18
-484331.37
-484576.18
-484808.37
-485032.50
-485229.59
-485420.37
-485586.00
-485744.37
-485874.00
-486003.59
-486117.00
-486205.18
-486293.37
-486369.87
-486431.09
-486480.59
-486518.37
-486538.18
-486550.78
-486552.59
-486552.59
-486552.59
-486552.59
-486552.59
-486552.59
-486552.59
-486552.59
-486552.59
-486552.59
-486552.59
-486552.59
-486552.59
-486552.59
-486552.59
-486552.59
-486552.59
-486552.59
-486552.59
-486552.59
-486552.59
-486552.59
-486552.59
-486552.59
-486552.59
-486552.59
-486552.59
-486552.59
-486552.59
-486552.59
-486552.59
-486552.59
-486552.59
-486552.59
-486552.59
-486552.59
-486552.59
-486552.59
-486552.59
-486552.59
-486552.59
-486552.59
-486552.59
-486552.59
-486552.59
-486552.59
-486552.59
-486552.59
-486552.59
-486552.59
-486552.59
-486552.59
-486552.59
-486552.59
-486552.59
-486552.59
-486552.59
-486552.59
-486552.59
-486552.59
-486552.59
-486552.59
-486552.59
-486552.59
-486552.59
-486558.00
-486590.37
-486651.59
-486741.59
-486862.18
-487017.00
-487197.00
-487409.37
-487648.78
-487915.18
-488206.78
-488520.00
-488862.00
-489229.18
-489621.59
-490037.37
-490478.37
-490942.78
-491428.78
-491932.78
-492469.18
-493021.78
-493599.59
-494199.00
-494820.00
-495468.00
-496137.59
-496834.18
-497545.18
-498277.78
-499033.78
-499816.78
-500612.37
-501435.00
-502266.59
-503127.00
-503992.78
-504869.37
-505735.18
-506611.78
-507493.78
-508366.78
-509245.18
-510121.78
-511005.59
-511882.18
-512766.00
-513639.00
-514517.37
-515388.59
-516270.59
-517147.18
-518034.59
-518918.37
-519798.59
-520675.18
-521559.00
-522435.59
-523315.78
-524192.37
-525076.18
-525952.81
-526833.00
-527709.56
-528593.37
-529480.81
-530353.81
-531237.56
-532110.56
-532980.00
-533871.00
-534751.18
-535629.56
-536509.81
-537393.56
-538277.37
-539150.37
-540019.81
-540892.81
-541776.56
-542656.81
-543538.81
-544417.18
-545295.56
-546179.37
-547070.37
-547947.00
-548820.00
-549696.56
-550571.37
-551453.37
-552331.81
-553219.18
-554106.56
-554983.18
-555852.56
-556740.00
-557625.56
-558516.56
-559393.18
-560266.18
-561139.18
-562014.00
-562885.18
-563763.56
-564636.56
-565509.56
-566393.37
-567277.18
-568157.37
-569025.00
-569908.81
-570792.56
-571683.56
-572563.81
-573444.00
-574322.37
-575202.56
-576090.00
-576981.00
-577857.56
-578737.81
-579628.81
-580512.56
-581396.37
-582276.56
-583156.81
-584033.37
-584924.37
-585811.81
-586699.18
-587583.00
-588466.81
-589348.81
-590229.00
-591105.56
-591982.18
-592855.18
-593735.37
-594612.00
-595488.56
-596376.00
-597258.00
-598134.56
-599011.18
-599880.56
-600760.81
-601644.56
-602530.18
-603410.37
-604287.00
-605170.81
-606051.00
-606942.00
-607822.18
-608711.37
-609595.18
-610468.18
-611348.37
-612232.18
-613116.00
-613994.37
-614874.56
-615747.56
-616627.81
-617495.37
-618379.18
-619259.37
-620143.18
-621028.81
-621905.37
-622782.00
-623665.81
-624537.00
-625417.18
-626286.56
-627166.81
-628045.18
-628925.37
-629802.00
-630685.81
-631566.00
-632444.37
-633321.00
-634186.81
-635063.37
-635931.00
-636804.00
-637687.81
-638564.37
-639439.18
-640323.00
-641196.00
-642072.56
-642958.18
-643834.81
-644715.00
-645598.81
-646484.37
-647368.18
-648241.18
-649110.56
-649990.81
-650869.18
-651756.56
-652629.56
-653515.18
-654395.37
-655279.18
-656157.56
-657034.18
-657918.00
-658794.56
-659676.56
-660556.81
-661444.18
-662324.37
-663202.81
-664079.37
-664963.18
-665852.37
-666729.00
-667602.00
-668471.37
-669357.00
-670237.18
-671117.37
-671990.37
-672863.37
-673736.37
-674622.00
-675502.18
-676389.56
-677266.18
-678146.37
-679024.81
-679901.37
-680788.81
-681676.18
-682556.37
-683431.18
-684288.00
-685121.37
-685931.37
-686714.37
-687474.00
-688208.37
-688914.00
-689608.81
-690280.18
-690926.37
-691558.18
-692164.81
-692753.37
-693315.00
-693860.37
-694386.00
-694884.56
-695363.37
-695826.00
-696267.00
-696686.37
-697087.81
-697470.31
-697833.00
-698173.18
-698497.18
-698803.18
-699091.18
-699357.56
-699609.56
-699841.81
-700059.56
-700259.37
-700443.00
-700610.37
-700763.37
-700898.37
-701022.56
-701132.37
-701226.00
-701308.81
-701379.00
-701436.56
-701481.56
-701515.81
-701533.81
-701541.00
-701541.00
-701541.00
-701541.00
-701541.00
-701541.00
-701541.00
-701541.00
-701541.00
-701541.00
-701541.00
-701541.00
-701541.00
-701541.00
-701541.00
-701541.00
-701541.00
-701541.00
-701541.00
-701541.00
-701541.00
-701541.00
-701541.00
-701541.00
-701541.00
-701541.00
-701541.00
-701541.00
-701541.00
-701541.00
-701541.00
-701541.00
-701541.00
-701541.00
-701541.00
-701541.00
-701541.00
-701541.00
-701541.00
-701541.00
-701541.00
-701541.00
-701541.00
-701541.00
-701541.00
-701541.00
-701541.00
-701541.00
-701541.00
-701541.00
-701541.00
-701541.00
-701541.00
-701541.00
-701541.00
-701541.00
-701541.00
-701541.00
-701541.00
-701541.00
-701541.00
-701541.00
-701541.00
-701541.00
-701541.00
-701541.00
-701541.00
-701541.00
-701541.00
-701541.00
-701541.00
-701541.00
-701541.00
-701541.00
-701541.00
-701541.00
-701541.00
-701541.00
-701541.00
-701541.00
-701541.00
-701541.00
-701541.00
-701541.00
-701541.00
-701541.00
-701541.00
-701541.00
-701541.00
-701541.00
-701541.00
-701541.00
-701541.00
-701541.00
-701541.00
-701541.00
-701541.00
-701541.00
-701541.00
-701541.00
-701541.00
-701541.00
-701541.00
-701541.00
-701541.00
-701541.00
-701541.00
-701541.00
-701541.00
-701541.00
-701541.00
-701541.00
-701541.00
-701541.00
-701541.00
-701541.00
-701541.00
-701541.00
-701541.00
-701541.00
-701541.00
-701541.00
-701541.00
-701541.00
-701541.00
-701541.00
-701541.00
-701541.00
-701541.00
-701541.00
-701541.00
-701541.00
-701541.00
-701541.00
-701541.00
-701541.00
-701541.00
-701541.00
-701541.00
-701541.00
-701541.00
-701541.00
-701541.00
-701541.00
-701541.00
-701541.00
-701541.00
-701541.00
-701541.00
-701541.00
-701541.00
-701541.00
-701541.00
-701541.00
-701541.00
-701541.00
-701541.00
-701541.00
-701541.00
-701541.00
-701541.00
-701541.00
-701541.00
-701541.00
-701541.00
-701541.00
-701541.00
-701541.00
-701541.00
-701541.00
-701541.00
-701541.00
-701541.00
-701541.00
-701541.00
-701541.00
-701541.00
-701541.00
-701541.00
-701541.00
-701541.00
-701541.00
-701541.00
-701541.00
-701541.00
-701541.00
-701541.00
-701541.00
-701541.00
-701541.00
-701541.00
-701541.00
-701541.00
-701541.00
-701541.00
-701541.00
-701541.00
-701541.00
-701541.00
-701541.00
-701541.00
-701541.00
-701541.00
-701541.00
-701541.00
-701541.00
-701541.00
-701541.00
-701541.00
-701541.00
-701541.00
-701541.00
-701541.00
-701541.00
-701541.00
-701541.00
-701541.00
-701541.00
-701541.00
-701541.00
-701541.00
-701541.00
-701541.00
-701541.00
-701541.00
-701541.00
-701541.00
-701541.00
-701541.00
-701541.00
-701541.00
-701541.00
-701541.00
-701541.00
-701541.00
-701541.00
-701541.00
-701541.00
-701541.00
-701541.00
-701541.00
-701541.00
-701541.00
-701541.00
-701541.00
-701541.00
-701541.00
-701541.00
-701541.00
-701541.00
-701541.00
-701541.00
-701541.00
-701541.00
-701541.00
-701541.00
-701541.00
-701541.00
-701541.00
-701541.00
-701541.00
-701541.00
-701541.00
-701541.00
-701541.00
-701541.00
-701541.00
-701541.00
-701541.00
-701541.00
-701541.00
-701541.00
-701541.00
-701541.00
-701541.00
-701541.00
-701541.00
-701541.00
-701541.00
-701541.00
-701541.00
-701541.00
-701541.00
-701541.00
-701541.00
-701541.00
-701541.00
-701541.00
-701541.00
-701541.00
-701541.00
-701541.00
-701541.00
-701541.00
-701541.00
-701541.00
-701541.00
-701541.00
-701541.00
-701541.00
-701541.00
-701541.00
-701541.00
-701541.00
-701541.00
-701541.00
-701541.00
-701541.00
-701541.00
-701541.00
-701541.00
-701541.00
-701541.00
-701541.00
-701541.00
-701541.00
-701541.00
-701541.00
-701541.00
-701541.00
-701541.00
-701541.00
-701541.00
-701541.00
-701541.00
-701541.00
-701541.00
-701541.00
-701541.00
-701541.00
-701541.00
-701541.00
-701541.00
-701541.00
-701541.00
-701541.00
-701541.00
-701541.00
-701541.00
-701541.00
-701541.00
-701541.00
-701541.00
-701541.00
-701541.00
-701541.00
-701541.00
-701541.00
-701541.00
-701541.00
-701541.00
-701541.00
-701541.00
-701541.00
-701541.00
-701541.00
-701541.00
-701541.00
-701541.00
-701541.00
-701541.00
-701541.00
-701541.00
-701541.00
-701541.00
-701541.00
-701541.00
-701541.00
-701541.00
-701541.00
-701541.00
-701541.00
-701541.00
-701541.00
-701541.00
-701541.00
-701541.00
-701541.00
-701541.00
-701541.00
-701541.00
-701541.00
-701541.00
-701541.00
-701541.00
-701541.00
-701541.00
-701541.00
-701541.00
-701541.00
-701541.00
-701541.00
-701541.00
-701541.00
-701541.00
-701541.00
-701541.00
-701541.00
-701541.00
-701541.00
-701541.00
-701541.00
-701541.00
-701541.00
-701541.00
-701541.00
-701541.00
-701541.00
-701541.00
-701541.00
-701541.00
-701541.00
-701541.00
-701541.00
-701541.00
-701541.00
-701541.00
-701541.00
-701541.00
-701541.00
-701541.00
-701541.00
-701541.00
-701541.00
-701541.00
-701551.81
-701587.81
-701654.37
-701755.18
-701888.37
-702050.37
-702241.18
-702459.00
-702703.81
-702975.56
-703272.56
-703594.81
-703942.18
-704311.18
-704707.18
-705128.37
-705569.37
-706035.56
-706527.00
-707040.00
-707576.37
-708139.75
-708724.75
-709333.18
-709961.37
-710607.56
-711280.75
-711975.56
-712688.37
-713422.75
-714180.56
-714958.18
-715762.75
-716581.75
-717417.00
-718264.75
-719137.75
-720014.37
-720892.75
-721767.56
-722651.37
-723535.18
-724415.37
-725299.18
-726183.00
-727070.37
-727954.18
-728830.75
-729711.00
-730580.37
-731460.56
-732340.75
-733217.37
-734101.18
-734981.37
-735872.37
-736758.00
-737641.75
-738525.56
-739405.75
-740296.75
-741177.00
-742053.56
-742930.18
-743801.37
-744681.56
-745561.75
-746431.18
-747304.18
-748191.56
-749066.37
-749935.75
-750823.18
-751696.18
-752583.56
-753465.56
-754345.75
-755211.56
-756091.75
-756966.56
-757854.00
-758737.75
-759621.56
-760492.75
-761365.75
-762253.18
-763133.37
-764019.00
-764895.56
-765770.37
-766650.56
-767534.37
-768414.56
-769296.56
-770176.75
-771064.18
-771942.56
-772819.18
-773699.37
-774576.00
-775468.75
-776341.75
-777211.18
-778087.75
-778977.00
-779860.75
-780741.00
-781619.37
-782499.56
-783383.37
-784265.37
-785145.56
-786029.37
-786906.00
-787795.18
-788668.18
-789548.37
-790434.00
-791303.37
-792190.75
-793071.00
-793942.18
-794822.37
-795709.75
-796586.37
-797461.18
-798337.75
-799212.56
-800089.18
-800969.37
-801847.75
-802728.00
-803608.18
-804486.56
-805359.56
-806232.56
-807114.56
-807998.37
-808884.00
-809760.56
-810640.75
-811530.00
-812406.56
-813279.56
-814161.56
-815045.37
-815923.75
-816800.37
-817687.75
-818573.37
-819453.56
-820337.37
-821215.75
-822092.37
-822974.37
-823865.37
-824743.75
-825624.00
-826497.00
-827379.00
-828255.56
-829137.56
-830017.75
-830892.56
-831765.56
-832647.56
-833527.75
-834400.75
-835279.18
-836166.56
-837039.56
-837910.75
-838794.56
-839678.37
-840560.37
-841440.56
-842317.18
-843197.37
-844088.37
-844970.37
-845850.56
-846723.56
-847614.56
-848500.18
-849385.75
-850266.00
-851142.56
-852026.37
-852906.56
-853794.00
-854668.75
-855552.56
-856436.37
-857320.18
-858198.56
-859078.75
-859955.37
-860835.56
-861712.18
-862594.18
-863470.75
-864354.56
-865234.75
-866124.00
-867000.56
-867873.56
-868753.75
-869635.75
-870516.00
-871396.18
-872271.00
-873154.75
-874035.00
-874913.37
-875793.56
-876666.56
-877550.37
-878425.18
-879305.37
-880182.00
-881053.18
-881929.75
-882817.18
-883706.37
-884590.18
-885470.37
-886352.37
-887232.56
-888102.00
-888984.00
-889871.37
-890748.00
-891630.00
-892506.56
-893388.56
-894268.75
-895143.56
-896031.00
-896916.56
-897793.18
-898680.56
-899562.56
-900450.00
-901332.00
-902219.37
-903105.00
-903981.56
-904860.00
-905747.37
-906625.75
-907506.00
-908389.75
-909264.56
-910148.37
-911034.00
-911917.75
-912792.56
-913671.00
-914547.56
-915433.18
-916309.75
-917199.00
-918072.00
-918950.37
-919837.75
-920716.18
-921596.37
-922482.00
-923362.18
-924247.75
-925124.37
-926006.37
-926890.18
-927768.56
-928636.18
-929520.00
-930402.00
-931282.18
-932160.56
-933030.00
-933879.56
