1.80
12.70
1
2.70
24.
503
4.50
4
6.30
56.30
6
8.10
79.90
14
27.90
25
56.70
3696.
3049
144.90
61
206.10
73
278.10
86359.
1098
450.90
110562.50
124
683.10
138816.
30151
958.50
1641113.30
180
1291.50
194
1480.50
208
1682.10
2231
894.50
23721
19.50
2522355
.30
2672603.7
0281
2862.90
2953129.30
310
3410.10
325
3699.90
339
4002.30
3544
317.30
3684637.7
0384
4974.30
3985314.50
412
5670.90
427
6039.90
441
6419.70
4566
801.30
471720
0.90
4857611.
30499
8025.30
515
8451.90
5298891.10
543
9333.90
558
9789.30
572
10253.70
588
10763.10
6041
1288.70
61911825.
10634
12374.10
65112932.1
0666
13488.30
681
14062.50
69714647.50
713
15245.10
729
15855.30
744
16481.70
759
17113.50
775
17752.50
791
18396.90
806
19043.10
822
19694.70
8372
0340.90
85420985
.30
86921627.
90884
22283.10
90022938.30
916
23586.30
931
24234.30
94724898.50
962
25553.70
977
26205.30
994
26856.90
1009
27557.10
1026
28239.30
1042
28939.50
1059
29632.50
1076
30321.90
1092
31007.70
1108
31697.10
1126
32397.30
1142
33093.90
1159
33786.90
1175
34487.10
1192
35180.10
1209
35880.30
1225
36584.10
1242
37282.50
1259
37975.50
1275
38672.10
1292
39368.70
1308
40065.30
1326
40765.50
1342
41458.50
1358
42158.70
1375
42855.30
1392
43555.50
1409
44261.10
1425
44957.70
1441
45659.70
1459
46363.50
1475
47070.90
1491
47772.90
1508
48465.90
1525
49171.50
1542
49868.10
1558
50570.10
1574
51273.90
1592
51983.10
1608
52681.50
1625
53374.50
1641
54072.90
1658
54769.50
1675
55464.30
1691
56166.30
1708
56857.50
1725
57557.70
1741
58259.70
1758
58954.50
1774
59656.50
1792
60349.50
1808
61044.30
1824
61742.70
1841
62430.30
1858
63128.70
1874
63819.90
1891
64521.90
1907
65220.30
1925
65913.30
1941
66615.30
1957
67317.30
1974
68019.30
1991
68706.90
2008
69396.30
2024
70094.70
2040
70800.30
2058
71498.70
2074
72186.30
2091
72877.50
2107
73579.50
2124
74285.10
2141
74981.70
2157
75680.10
2173
76378.50
2191
77084.10
2207
77778.90
2224
78471.90
2240
79170.30
2257
79868.70
2274
80565.30
2290
81267.30
23078
1972.90
23248
2667.70
2340
83362.50
2357
84057.30
2373
84744.90
2391
85437.90
2407
86136.30
2423
86834.70
2440
87540.30
2457
88242.30
2473
88938.90
2490
89644.50
2506
90339.30
2524
91037.70
25409
1743.30
25569
2450.70
25739
3149.10
25909
3851.10
2607
94554.90
2623
95249.70
2639
95944.50
2657
96635.70
2673
97332.30
2690
98030.70
2706
98729.10
2723
99431.10
2740
100127.70
2757
100871.10
2776
101614.50
2793
102356.10
2810
103099.50
2828
103839.30
2846
104575.50
2864
105315.30
2881106062.3
02898
106802.10
2917107545
.50
293410828
1.70
2952109
021.50
296910
9768.50
29881
10508.30
30051112
48.10
3022
111995.10
3040
112738.50
3058
113481.90
3076
114228.90
3093
114965.10
3111
115701.30
3129
116444.70
3146
117188.10
3164
117938.70
3182118678.
503200
119421.90
32171201
68.90
3234120
908.70
3253121653
.90
32701
22391.90
3288123
138.90
330512
3885.90
33231
24622.10
3341
125369.10
3358
126116.10
3377
126870.30
3394
127613.70
3411
128357.10
3429129096.90
3447
129843.90
3465130594.
503482
131337.89
35001320
84.89
3518132831.
893535
133582.50
35531343
25.89
3570135
072.89
358913
5819.89
36061
36570.50
3623
137310.29
3642
138055.50
3659
138795.29
3677
139545.89
369414
0292.89
3713141036.29
3730
141783.29
3747142528.50
3765143275.50
3783
144018.89
3801144755.
093818
145498.50
38351462
40.09
3854146
979.89
387114
7726.89
3889
148466.70
3907
149215.50
3924
149958.89
39421
50702.29
3959
151442.09
3978
152174.70
3995152918.09
4013
153666.89
4030
154406.70
4048155153.70
4066
155897.09
4083156645
.89
410115739
6.50
41191581
39.89
4136158
883.29
415415
9626.70
4171
160373.70
4190
161113.50
4207
161858.70
4225
162609.29
4243
163352.70
4260
164092.50
4278
164837.70
4295
165570.29
4314
166320.89
4331167062.50
4348
167795.09
4366168542
.09
438416928
5.50
44021700
23.50
4419170
759.70
443617150
4.89
44551722
59.09
4472
173000.70
4490
173751.29
4508
174498.29
4526
175250.70
4543
175994.09
4560
176733.89
4579
177479.09
4596
178226.09
4614178964.09
4631
179711.09
4649180456
.29
466718120
6.89
46841819
53.89
470218
2690.09
47201
83437.09
47381841
85.89
4755184
925.68
47731
85665.50
4791
186414.29
4808
187157.68
4826
187910.09
4844
188657.09
4861
189409.50
4879
190156.50
4896190907.0
94915
191655.89
4932192406
.50
4950193158.89
4967
193909.50
4985194661
.89
500319541
2.50
50201961
61.29
503919
6901.09
50561
97646.29
5073
198389.68
5091
199127.68
5109
199874.68
5127
200609.09
5144
201348.89
5161
202090.50
5180202837.50
5197
203559.29
5215204264.89
5232204957.8
95251
205631.09
5268206291
.68
528520693
4.29
5303207
557.09
532120
8158.29
53392
08741.50
5356
209308.50
5374
209862.89
5392
210404.68
5409
210932.09
5427
211443.29
5445
211938.29
5463
212415.29
5480
212874.29
5497
213320.68
5516213749.0
95533
214161.29
5551214560
.89
556821494
6.09
5586215
315.09
560421
5669.68
56212
16009.89
5640
216333.89
565721
6643.50
5675
216936.89
5692
217217.68
5710
217485.89
5728
217737.89
5745
217977.29
5763
218204.09
5781
218416.50
5798
218616.29
5816218801.
685833
218976.29
58522191
36.50
5869219
285.89
588621
9422.68
59052
19548.68
5922
219663.89
594021
9766.50
5957
219860.09
5976
219942.89
5993
220016.68
6010
220079.68
6028
220133.68
6046
220175.09
6064220207.50
6081
220232.68
6098220248.
896117
220260.59
61342202
59.68
6152220254.
296169
220254.29
61882202
54.29
6205220
254.29
622222
0254.29
62412
20254.29
6258
220254.29
6276
220254.29
6293
220254.29
6311
220254.29
6329
220254.29
6346220254.29
6364
220254.29
6382
220254.29
640022025
4.29
6417220254.2
96434
220254.29
645322025
4.29
64702202
54.29
6488220
254.29
650622
0254.29
6523
220254.29
6541
220254.29
6558
220254.29
6577
220254.29
6594
220254.29
6611
220254.29
6629220254.29
6647
220254.29
6665220254.29
6682220254.29
6700
220254.29
6718220254.
296735
220254.29
67532202
54.29
6771220
254.29
678922
0254.29
6806
220254.29
6823
220254.29
6842
220254.29
6859
220254.29
6877
220254.29
6894
220254.29
6913220254.29
6930
220254.29
6947
220254.29
6965220254.29
6983
220254.29
7001220254
.29
701822025
4.29
70362202
54.29
7054220
254.29
70712
20254.29
7089
220254.29
7107
220254.29
7124
220254.29
7142
220254.29
7159
220254.29
7178
220254.29
7195
220254.29
7213
220254.29
7230
220254.29
7248220254.29
7266
220254.29
7283220254
.29
730122025
4.29
73192202
54.29
733622
0254.29
73542
20254.29
73722202
54.29
7390220
254.29
74072
20254.29
7425
220254.29
7443
220254.29
7460
220254.29
7478
220254.29
7495
220254.29
7514
220254.29
7531220254.2
97548
220254.29
7566220254
.29
758422025
4.29
7602220
254.29
761922
0254.29
763822025
4.29
76552202
54.29
767222
0254.29
76902
20254.29
7708
220254.29
7726
220254.29
7743
220254.29
7760
220254.29
7779
220254.29
7796
220254.29
7814
220254.29
7831220254.
297849
220254.29
7867220254.2
97884
220254.29
7903220254
.29
792022025
4.29
79382202
54.29
795522
0254.29
79732
20254.29
7991
220254.29
8008
220254.29
8026
220254.29
8044
220254.29
8061
220254.29
8079
220254.29
8096
220254.29
8115
220254.29
8132
220254.29
8150220254.2
98168
220254.29
8185220254
.29
820322025
4.29
8220220
254.29
823922
0254.29
82562
20254.29
8273
220254.29
8291
220254.29
8309
220254.29
8327
220254.29
8344
220254.29
8361
220254.29
8380
220254.29
8397
220254.29
8415
220254.29
8432
220254.29
8451220254.
298468
220254.29
84852202
54.29
8504220
254.29
852122
0254.29
85392
20254.29
8556
220254.29
8574
220254.29
8592
220254.29
8609
220254.29
8627
220254.29
8645
220254.29
8663
220254.29
8680
220254.29
8697220254.29
8716
220254.29
8733220254.
298751
220254.29
8769220254.2
98786
220254.29
880422
0254.29
8821
220254.29
8840
220254.29
885722
0254.29
88752
20254.29
8892
220254.29
8910
220254.29
8928
220254.29
8945
220254.29
8963
220254.29
8981220254.29
8998
220254.29
9016220254
.29
903422025
4.29
90522202
54.29
9069220254.
299086
220254.29
91052202
54.29
9122220
254.29
914022
0254.29
9157
220254.29
9176
220254.29
9193
220254.29
9210
220254.29
9228
220254.29
9246
220254.29
9264220254.29
9281
220254.29
9299220254.29
9317220254.29
9334
220254.29
9352220254.
299370
220254.29
93882202
54.29
9405220
254.29
942222
0254.29
9441
220254.29
9458
220254.29
947622
0254.29
9493
220254.29
9511
220254.29
9529
220254.29
9546220254.29
9564
220254.29
9582
220254.29
9600220254.29
9617
220254.29
9635220254
.29
965322025
4.29
96702202
54.29
9688220
254.29
97062
20254.29
9723
220254.29
9741220
254.29
9758
220254.29
9777
220254.29
9794
220254.29
9811
220254.29
9829220254.29
9847
220254.29
9865
220257.89
9882220281.29
9901
220329.89
9918220396
.50
993522048
6.50
99532205
98.09
997122
0729.50
99892
20881.59
10006
221064.29
100242
21267.68
10044
221492.68
10062
221739.29
10081
222003.89
10100222286.
5010119
222592.50
10137222
918.29
101562
23258.50
10175
223622.09
10193
224005.50
10212
224403.29
10231224824.
5010250
225260.09
10268225717.
2910287
226190.68
1030622
6678.50
10324
227191.50
10343
227717.09
10361
228262.50
10381
228818.68
10399
229394.68
1041822998
1.50
1043723
0597.09
10456
231225.29
10474
231880.50
10492
232546.50
10512
233230.50
10530
233934.29
10549
234652.50
10568
235377.89
105872361
17.68
1060523
6879.09
10624
237647.68
10643
238423.50
10661
239210.09
10680
240000.29
10699
240788.68
107182415
64.50
10736242343
.89
10755
243135.89
1077424
3918.89
10792
244698.29
10811
245486.68
10830
246266.09
10849
247047.29
10867247835
.68
108862486
15.09
1090524
9385.50
10924
250166.68
10942
250956.89
10960
251738.09
10980
252526.50
10998253316
.68
11017254097.8
911036
254888.09
11055255
676.50
110732
56454.09
11091
257244.29
11111
258032.68
11129
258824.68
11148259620.2
911167
260396.09
11186261
180.89
112042
61962.09
11223
262754.09
11242
263535.28
11260
264320.09
11279
265108.50
11298
265882.50
11317266665.
5011335
267446.68
11354268
240.50
113732
69028.90
11392
269808.28
11410
270593.09
11429
271381.50
11448272160.
9011466
272938.50
11485
273721.50
115042
74513.50
1152327
5296.50
11541
276081.28
11559
276858.90
11579
277640.09
11597
278424.90
11616
279216.90
1163528000
5.28
1165428
0797.28
11672
281582.09
11691
282363.28
11710
283128.28
11728
283909.50
11747
284697.90
11766
285493.50
11785
286278.28
118032870
63.09
1182228
7833.50
11841
288616.50
11859
289401.28
11878
290196.90
11897
290985.28
11916
291762.90
119342925
47.68
11953293325
.28
119722941
10.09
1199129
4894.90
12009
295668.90
12028
296450.09
12047
297229.50
12065
298010.68
12084298795
.50
121032995
91.09
1212230
0372.28
12140
301166.09
12158
301932.90
12178
302724.90
12196
303502.50
12215304299
.90
12234305081.0
912253
305865.90
12271306
657.90
122903
07433.68
12309
308218.50
12327
308996.09
12346
309793.50
12365310581.9
012384
311354.09
12402312
131.68
124213
12912.90
12440
313704.90
12459
314491.50
12477
315276.28
12496
316053.90
12515
316833.28
12533317618.
0912552
318392.09
12571319
175.09
125903
19963.50
12608
320748.28
12627
321538.50
12646
322323.28
12664323108.
0912683
323887.50
12702
324675.90
127213
25460.68
1273932
6240.09
12758
327021.28
12777
327802.50
12795
328596.28
12814
329377.50
12833
330160.50
1285233094
1.68
1287033
1719.28
12889
332509.50
12908
333287.09
12926
334062.90
12945
334844.09
12964
335630.68
12983
336419.09
13001
337194.90
130203379
72.50
1303933
8750.09
13058
339529.50
13076
340314.28
13095
341093.68
13114
341878.50
13132
342670.50
13151343449.9
013170
344223.90
131893450
05.09
1320734
5798.90
13227
346590.90
13245
347381.09
13263
348165.90
13282
348948.90
13301349730
.09
133203505
20.28
1333835
1308.68
13357
352100.68
13376
352883.68
13394
353672.09
13413
354455.09
13432
355239.87
13451356028.2
813469
356822.09
13488357
597.87
135073
58368.28
13526
359156.68
13544
359943.28
13563
360724.50
13582361520.0
913600
362301.28
13619363
091.50
136383
63869.09
13657
364661.09
136753
65447.68
13694
366236.09
13713
367028.09
13731
367814.68
13750368599.
5013769
369387.87
13788370
179.87
138063
70962.87
13826
371744.09
13844
372532.50
13862
373313.68
13881
374096.68
1390037487
7.87
13919375666.
2813937
376447.50
1395637
7232.28
13975
378022.50
13993
378807.28
14012
379590.28
14031
380375.09
14050
381159.87
1406838193
9.28
1408738
2727.68
14106
383498.09
14125
384290.09
14143
385073.09
14162
385850.68
14181
386639.09
14199
387418.50
14218
388203.28
142373889
86.28
1425638
9767.50
14274
390555.87
14294
391338.87
14312
392123.68
14330
392899.50
14349
393687.87
14368394458.2
814387
395237.68
144053960
22.50
1442539
6805.50
14443
397597.50
14461
398389.50
14480
399183.28
14499
399971.68
14518400765
.50
145364015
50.28
1455540
2336.87
14574
403128.87
14593
403919.09
14611
404693.09
14630
405474.28
14649
406257.28
14667407036.6
814686
407817.87
14705408
608.09
147244
09396.50
14742
410172.28
14761
410960.68
14780
411747.28
14798412535.6
814817
413322.28
14836414
110.68
148554
14890.09
14873415
671.28
148934
16457.87
14911
417251.68
14929
418032.87
14948
418817.68
14967419604.
2814986
420398.09
15004421
175.68
150244
21965.87
15042
422747.09
15060
423540.87
1507
