-633012.31
-633012.31
-633012.31
-633015.87
-633135.56
-633420.00
-633816.00
-634267.81
-634753.81
-635256.00
-635769.00
-636289.18
-636811.18
-637335.00
-637857.00
-638384.37
-638910.00
-639437.37
-639964.81
-640494.00
-641021.37
-641548.81
-642074.37
-642594.56
-643109.37
-643615.18
-644113.81
-644607.00
-645094.81
-645573.56
-646047.00
-646513.18
-646974.00
-647427.56
-647874.00
-648313.18
-648748.81
-649175.37
-649596.56
-650012.37
-650421.00
-650823.31
-651220.18
-651610.81
-651994.18
-652372.18
-652743.00
-653108.37
-653468.37
-653823.00
-654170.37
-654511.50
-654847.18
-655176.56
-655500.56
-655819.18
-656130.56
-656436.56
-656737.18
-657032.37
-657320.37
-657604.81
-657882.00
-658153.81
-658420.18
-658681.18
-658936.81
-659185.18
-659430.00
-659667.56
-659901.56
-660128.37
-660351.56
-660567.56
-660780.00
-660985.18
-661186.81
-661381.18
-661572.00
-661757.37
-661936.50
-662111.06
-662280.31
-662445.00
-662603.37
-662757.31
-662905.81
-663049.81
-663188.37
-663321.56
-663451.18
-663575.37
-663694.18
-663807.56
-663916.50
-664020.87
-664120.81
-664214.37
-664304.37
-664390.81
-664470.87
-664547.37
-664618.50
-664686.00
-664749.00
-664806.56
-664861.50
-664911.00
-664956.00
-664997.37
-665037.00
-665069.37
-665098.18
-665121.56
-665141.37
-665157.56
-665172.00
-665181.87
-665188.18
-665194.50
-665195.37
-665195.37
-665195.37
-665195.37
-665195.37
-665195.37
