-758426.37
-758426.37
-758426.37
-758433.56
-758565.87
-758862.00
-759263.37
-759718.75
-760206.56
-760710.56
-761223.56
-761743.75
-762265.75
-762791.37
-763317.00
-763842.56
-764370.00
-764897.37
-765424.75
-765952.18
-766479.56
-767008.75
-767536.18
-768060.00
-768578.37
-769089.56
-769595.37
-770092.18
-770583.56
-771067.75
-771546.56
-772016.37
-772482.56
-772939.75
-773391.56
-773836.18
-774275.37
-774707.37
-775132.18
-775553.37
-775965.56
-776372.37
-776773.75
-777168.00
-777556.75
-777938.37
-778314.56
-778685.37
-779049.00
-779407.18
-779758.18
-780104.68
-780444.00
-780778.75
-781106.37
-781428.56
-781745.37
-782055.00
-782359.18
-782658.00
-782951.37
-783239.37
-783520.18
-783797.37
-784067.37
-784332.00
-784591.18
-784845.00
-785091.56
-785334.56
-785571.25
-785802.56
-786029.37
-786249.00
-786465.00
-786673.75
-786879.00
-787077.00
-787271.37
-787460.37
-787643.06
-787820.37
-787993.18
-788161.50
-788324.37
-788481.00
-788634.00
-788780.68
-788923.75
-789060.56
-789192.00
-789319.75
-789442.18
-789559.18
-789670.75
-789778.75
-789881.37
-789980.37
-790074.00
-790162.18
-790245.87
-790326.00
-790400.68
-790471.75
-790537.50
-790598.68
-790657.18
-790709.37
-790758.00
-790803.00
-790844.37
-790880.37
-790911.00
-790938.00
-790961.37
-790983.00
-791000.06
-791015.37
-791024.37
-791028.87
-791028.00
-791028.00
-791028.00
-791028.00
-791028.00
-791028.00
