-251798.39
-251798.39
-251798.39
-251872.18
-252115.18
-252486.00
-252925.18
-253404.00
-253900.79
-254412.00
-254928.59
-255448.79
-255972.59
-256496.39
-257022.00
-257549.39
-258076.79
-258602.39
-259126.18
-259653.59
-260181.00
-260701.18
-261216.00
-261723.59
-262224.00
-262717.18
-263203.18
-263683.78
-264157.18
-264623.40
-265082.40
-265536.00
-265982.40
-266421.59
-266855.40
-267282.00
-267703.18
-268117.18
-268524.00
-268925.40
-269319.59
-269708.40
-270090.00
-270466.18
-270837.00
-271200.59
-271557.00
-271908.00
-272253.59
-272592.00
-272925.00
-273252.59
-273573.00
-273888.00
-274196.68
-274500.00
-274797.00
-275088.59
-275373.00
-275653.78
-275927.40
-276195.59
-276457.50
-276714.00
-276965.09
-277210.78
-277450.18
-277684.18
-277912.78
-278136.00
-278353.78
-278566.18
-278773.18
-278973.90
-279169.18
-279360.00
-279545.40
-279725.40
-279900.00
-280069.18
-280233.00
-280391.40
-280544.40
-280693.78
-280836.00
-280974.59
-281107.78
-281235.59
-281358.00
-281475.90
-281588.40
-281696.40
-281799.90
-281898.00
-281991.59
-282079.78
-282164.40
-282243.59
-282317.40
-282387.59
-282454.18
-282515.40
-282571.18
-282623.40
-282672.00
-282714.28
-282753.90
-282789.90
-282822.28
-282848.40
-282870.90
-282888.00
-282902.40
-282910.50
-282915.00
-282915.00
-282915.00
-282915.00
-282915.00
-282915.00
