-506316.59
-506316.59
-506316.59
-506374.18
-506601.00
-506961.00
-507396.59
-507871.78
-508368.59
-508878.00
-509394.59
-509916.59
-510440.37
-510966.00
-511491.59
-512017.18
-512541.00
-513068.37
-513595.78
-514123.18
-514650.59
-515170.78
-515685.59
-516193.18
-516693.59
-517186.78
-517674.59
-518153.37
-518628.59
-519094.78
-519555.59
-520005.59
-520452.00
-520893.00
-521326.78
-521755.18
-522176.37
-522592.18
-523000.78
-523402.18
-523798.18
-524188.78
-524572.18
-524950.18
-525321.00
-525686.37
-526046.37
-526399.18
-526746.56
-527086.81
-527421.56
-527751.00
-528075.00
-528391.81
-528703.18
-529007.37
-529308.00
-529601.37
-529889.37
-530170.18
-530447.37
-530717.37
-530982.87
-531243.00
-531496.81
-531743.37
-531986.37
-532224.00
-532454.37
-532681.18
-532900.81
-533115.87
-533325.56
-533529.00
-533727.87
-533921.37
-534108.56
-534291.31
-534468.56
-534640.50
-534807.00
-534969.00
-535124.68
-535275.87
-535421.68
-535563.00
-535698.00
-535829.37
-535953.56
-536074.18
-536190.31
-536301.00
-536406.31
-536507.06
-536603.37
-536694.31
-536780.68
-536862.56
-536940.00
-537012.00
-537080.37
-537143.37
-537202.81
-537258.56
-537309.00
-537354.87
-537397.18
-537435.00
-537467.37
-537496.18
-537519.56
-537541.18
-537559.18
-537573.56
-537582.56
-537591.56
-537598.81
-537600.56
-537599.68
-537598.81
-537597.87
-537597.87
-537597.87
-537597.87
-537597.87
-537597.87
