-665195.37
-665195.37
-665195.37
-665290.81
-665553.56
-665937.00
-666385.18
-666865.81
-667368.00
-667879.18
-668399.37
-668919.56
-669443.37
-669970.81
-670496.37
-671023.81
-671551.18
-672078.56
-672606.00
-673128.00
-673642.81
-674150.37
-674650.81
-675145.81
-675633.56
-676116.00
-676589.37
-677057.37
-677520.00
-677973.56
-678421.81
-678864.56
-679300.18
-679728.56
-680151.56
-680567.37
-680977.81
-681382.81
-681780.56
-682171.18
-682556.37
-682936.18
-683308.81
-683676.00
-684036.00
-684391.50
-684739.81
-685083.56
-685420.18
-685751.37
-686075.37
-686394.00
-686707.18
-687015.00
-687317.37
-687612.56
-687902.37
-688186.81
-688465.81
-688738.50
-689005.81
-689267.68
-689524.18
-689774.37
-690019.18
-690258.56
-690492.56
-690721.18
-690944.37
-691162.18
-691374.56
-691581.56
-691783.18
-691979.37
-692170.18
-692355.56
-692537.37
-692712.00
-692882.06
-693046.81
-693207.00
-693361.81
-693511.18
-693655.18
-693795.56
-693929.68
-694058.37
-694183.50
-694303.18
-694418.37
-694528.18
-694632.56
-694733.37
-694828.81
-694920.56
-695007.00
-695088.00
-695165.37
-695237.37
-695305.81
-695368.81
-695428.18
-695484.00
-695533.50
-695579.37
-695622.56
-695662.18
-695694.56
-695724.31
-695748.56
-695771.06
-695790.00
-695804.37
-695813.37
-695816.06
-695815.18
-695815.18
-695815.18
-695815.18
-695815.18
-695815.18
