-601660.81
-601660.81
-601660.81
-601684.18
-601860.56
-602188.18
-602605.81
-603072.00
-603563.37
-604071.00
-604585.81
-605106.00
-605628.00
-606153.56
-606679.18
-607206.56
-607732.18
-608259.56
-608785.18
-609312.56
-609840.00
-610360.18
-610875.00
-611382.56
-611884.81
-612378.00
-612865.81
-613346.37
-613821.56
-614289.56
-614750.37
-615204.00
-615652.18
-616095.00
-616530.56
-616959.00
-617380.18
-617797.81
-618206.37
-618611.37
-619008.31
-619399.81
-619785.00
-620163.00
-620536.50
-620902.81
-621264.56
-621619.18
-621966.56
-622310.37
-622647.00
-622976.37
-623302.18
-623620.81
-623934.00
-624240.87
-624542.37
-624837.56
-625127.37
-625411.81
-625690.81
-625962.56
-626230.81
-626491.81
-626747.37
-626997.56
-627242.37
-627481.81
-627715.81
-627944.37
-628167.56
-628384.50
-628596.00
-628803.00
-629004.56
-629200.81
-629391.56
-629577.00
-629757.00
-629931.56
-630100.81
-630266.37
-630424.81
-630579.56
-630729.00
-630873.00
-631011.56
-631146.56
-631275.31
-631398.56
-631518.31
-631632.56
-631742.37
-631846.81
-631946.68
-632041.18
-632131.18
-632217.56
-632298.56
-632375.06
-632447.06
-632514.56
-632577.56
-632637.00
-632691.00
-632741.37
-632786.37
-632827.81
-632865.56
-632898.00
-632926.81
-632952.00
-632973.56
-632993.37
-633006.87
-633016.81
-633018.56
-633015.00
-633013.18
-633012.31
-633012.31
-633012.31
-633012.31
-633012.31
-633012.31
