-164781.00
-164781.00
-164781.00
-164811.59
-164998.79
-165333.59
-165754.79
-166221.00
-166712.39
-167196.59
-167679.00
-168152.39
-168620.39
-169088.39
-169576.20
-170078.39
-170593.20
-171111.59
-171633.59
-172157.39
-172677.59
-173203.20
-173728.79
-174252.59
-174780.00
-175305.59
-175833.00
-176356.79
-176880.59
-177404.39
-177930.00
-178457.39
-178984.79
-179512.18
-180039.59
-180567.00
-181094.39
-181621.79
-182149.18
-182673.00
-183200.39
-183727.79
-184251.59
-184779.00
-185306.39
-185833.79
-186357.59
-186885.00
-187412.39
-187939.79
-188467.18
-188994.59
-189522.00
-190047.59
-190573.18
-191102.39
-191629.79
-192157.18
-192684.59
-193212.00
-193735.79
-194265.00
-194792.39
-195319.79
-195847.18
-196374.59
-196902.00
-197431.18
-197956.79
-198475.18
-198982.79
-199488.59
-199985.39
-200476.79
-200961.00
-201439.79
-201909.59
-202374.00
-202833.00
-203283.00
-203727.59
-204165.00
-204597.00
-205021.79
-205441.18
-205853.39
-206258.39
-206658.00
-207050.39
-207437.39
-207817.18
-208191.59
-208560.59
-208922.39
-209277.00
-209627.09
-209970.00
-210308.39
-210639.59
-210963.59
-211284.00
-211597.18
-211903.18
-212204.68
-212499.89
-212789.68
-213073.18
-213350.39
-213623.09
-213888.59
-214149.59
-214405.18
-214653.59
-214896.59
-215134.18
-215366.39
-215593.18
-215814.59
-216030.59
-216240.29
-216444.59
-216644.39
-216837.00
-217026.00
-217207.79
-217386.00
-217557.89
-217724.39
-217886.39
-218043.00
-218193.29
-218339.09
-218479.50
-218615.39
-218745.00
-218871.00
-218989.79
-219105.00
-219214.79
-219321.00
-219420.00
-219515.39
-219605.39
-219691.79
-219772.79
-219848.39
-219920.39
-219987.00
-220050.00
-220107.59
-220161.59
-220210.18
-220255.18
-220294.79
-220332.59
-220365.00
-220392.00
-220414.50
-220431.59
-220446.00
-220458.59
-220465.79
-220469.39
-220469.39
-220469.39
-220469.39
-220469.39
-220469.39
