-537597.87
-537597.87
-537597.87
-537609.56
-537763.50
-538074.00
-538482.56
-538943.37
-539433.00
-539938.81
-540453.56
-540972.00
-541494.00
-542019.56
-542545.18
-543070.81
-543598.18
-544125.56
-544653.00
-545176.81
-545704.18
-546229.81
-546750.00
-547263.00
-547768.81
-548269.18
-548760.56
-549246.56
-549725.37
-550198.81
-550665.00
-551124.00
-551575.81
-552022.18
-552463.18
-552895.18
-553321.81
-553743.00
-554157.00
-554565.56
-554967.00
-555363.00
-555751.81
-556135.18
-556511.37
-556882.18
-557247.56
-557605.81
-557958.56
-558304.18
-558644.37
-558979.18
-559308.56
-559630.81
-559947.56
-560257.18
-560563.18
-560862.00
-561155.37
-561441.56
-561724.18
-561999.56
-562271.37
-562536.00
-562795.18
-563047.18
-563295.56
-563538.56
-563774.37
-564006.56
-564231.56
-564453.00
-564667.18
-564877.81
-565081.18
-565281.00
-565473.56
-565662.56
-565844.37
-566022.56
-566195.37
-566362.81
-566524.81
-566681.37
-566832.56
-566980.18
-567120.56
-567257.37
-567388.81
-567516.56
-567637.18
-567754.18
-567865.81
-567972.00
-568074.56
-568171.81
-568265.37
-568352.68
-568435.50
-568513.81
-568589.37
-568657.81
-568722.56
-568783.81
-568839.56
-568891.81
-568940.37
-568983.56
-569022.31
-569056.50
-569088.00
-569115.00
-569136.56
-569153.68
-569167.18
-569174.37
-569176.18
-569176.18
-569176.18
-569176.18
-569176.18
-569176.18
