-282915.00
-282915.00
-282915.00
-282920.40
-283048.18
-283339.78
-283737.59
-284191.18
-284679.00
-285181.18
-285692.40
-286212.59
-286732.78
-287258.40
-287784.00
-288309.59
-288835.18
-289362.59
-289890.00
-290417.40
-290944.78
-291472.18
-291999.59
-292523.40
-293050.78
-293569.18
-294082.18
-294588.00
-295086.59
-295579.78
-296064.00
-296542.78
-297010.78
-297475.18
-297934.18
-298386.00
-298830.59
-299269.78
-299701.78
-300128.40
-300546.00
-300960.00
-301365.00
-301766.40
-302158.78
-302547.59
-302927.40
-303303.59
-303672.59
-304034.40
-304390.78
-304741.78
-305085.59
-305422.18
-305755.18
-306081.00
-306401.40
-306714.59
-307022.40
-307324.78
-307621.78
-307911.59
-308196.00
-308475.00
-308748.59
-309015.00
-309276.90
-309533.40
-309783.59
-310028.40
-310266.90
-310500.00
-310728.59
-310950.00
-311167.78
-311378.40
-311585.40
-311785.18
-311981.40
-312170.40
-312355.78
-312534.00
-312708.59
-312877.78
-313039.78
-313198.18
-313351.18
-313499.68
-313642.78
-313779.59
-313912.78
-314040.59
-314163.00
-314280.00
-314393.40
-314501.40
-314604.00
-314701.18
-314794.78
-314883.00
-314966.68
-315045.90
-315120.59
-315190.78
-315255.59
-315316.78
-315374.40
-315425.68
-315473.40
-315516.59
-315558.00
-315592.18
-315623.68
-315649.78
-315671.40
-315691.18
-315706.50
-315719.09
-315728.09
-315729.00
-315725.40
-315720.90
-315720.00
-315720.00
-315720.00
-315720.00
-315720.00
-315720.00
