-791028.00
-791028.00
-791028.00
-791062.18
-791254.75
-791595.00
-792019.75
-792487.75
-792982.75
-793490.37
-794005.18
-794527.18
-795049.18
-795574.75
-796100.37
-796626.00
-797153.37
-797680.75
-798208.18
-798735.56
-799263.00
-799783.18
-800296.18
-800803.75
-801302.37
-801795.56
-802281.56
-802760.37
-803233.75
-803700.00
-804160.75
-804614.37
-805060.75
-805501.75
-805935.56
-806362.18
-806783.37
-807199.18
-807607.75
-808009.18
-808405.18
-808795.75
-809179.18
-809557.18
-809928.00
-810293.37
-810653.37
-811006.18
-811353.56
-811695.56
-812030.37
-812359.75
-812683.75
-813000.56
-813312.00
-813618.00
-813918.56
-814212.87
-814501.75
-814784.37
-815061.56
-815333.37
-815599.75
-815859.00
-816113.68
-816363.00
-816606.00
-816843.56
-817077.56
-817304.37
-817525.75
-817741.75
-817952.37
-818157.56
-818358.25
-818553.56
-818742.56
-818927.06
-819106.18
-819279.87
-819448.18
-819612.00
-819770.37
-819923.37
-820071.87
-820215.00
-820353.56
-820486.75
-820614.56
-820738.75
-820856.68
-820971.00
-821079.00
-821183.37
-821282.37
-821376.00
-821466.00
-821551.50
-821632.50
-821709.00
-821780.06
-821847.56
-821909.68
-821968.18
-822023.06
-822072.56
-822117.56
-822159.87
-822196.75
-822229.18
-822258.00
-822283.18
-822304.75
-822322.75
-822339.00
-822348.87
-822353.37
-822354.25
-822354.25
-822354.25
-822354.25
-822354.25
-822354.25
