-315720.00
-315720.00
-315720.00
-315741.59
-315914.40
-316242.00
-316657.78
-317124.00
-317615.40
-318121.18
-318636.00
-319154.40
-319672.78
-320198.40
-320724.00
-321249.59
-321777.00
-322304.40
-322830.00
-323355.59
-323881.18
-324410.40
-324934.18
-325452.59
-325963.78
-326467.78
-326961.00
-327450.59
-327934.78
-328411.78
-328881.59
-329344.18
-329801.40
-330251.40
-330694.18
-331129.78
-331560.00
-331984.78
-332401.50
-332812.78
-333217.78
-333615.59
-334008.00
-334393.18
-334771.18
-335145.59
-335511.90
-335872.78
-336227.40
-336574.78
-336916.78
-337253.40
-337584.59
-337908.59
-338225.40
-338538.59
-338844.59
-339144.28
-339438.59
-339726.59
-340009.18
-340286.40
-340558.18
-340822.78
-341083.78
-341337.59
-341586.00
-341828.09
-342064.78
-342297.00
-342522.00
-342743.40
-342957.59
-343168.18
-343371.59
-343569.59
-343764.00
-343951.18
-344134.78
-344311.18
-344484.00
-344649.59
-344811.59
-344968.18
-345119.40
-345265.18
-345405.59
-345542.40
-345672.90
-345798.90
-345919.50
-346035.59
-346146.28
-346252.50
-346354.18
-346449.59
-346541.40
-346628.68
-346710.59
-346788.00
-346861.78
-346930.18
-346995.00
-347054.40
-347110.18
-347160.59
-347207.40
-347250.59
-347288.40
-347322.59
-347351.40
-347378.40
-347401.78
-347418.00
-347432.40
-347437.78
-347439.59
-347439.59
-347439.59
-347439.59
-347439.59
-347439.59
