-13406.40
-13406.40
-13406.40
-13447.80
-13552.20
-13721.40
-13953.60
-14250.60
-14607.00
-15013.80
-15451.20
-15903.00
-16367.40
-16837.20
-17307.00
-17782.20
-18261.00
-18739.80
-19220.40
-19701.00
-20181.60
-20662.20
-21144.60
-21623.40
-22098.60
-22566.60
-23024.70
-23481.00
-23931.00
-24375.60
-24814.80
-25246.80
-25673.40
-26094.60
-26508.60
-26919.00
-27322.20
-27720.00
-28112.40
-28499.40
-28879.20
-29255.40
-29624.40
-29989.80
-30348.00
-30702.60
-31050.00
-31392.90
-31730.40
-32061.60
-32388.30
-32709.60
-33024.60
-33336.00
-33640.20
-33940.80
-34236.00
-34525.80
-34810.20
-35089.20
-35362.80
-35631.00
-35895.60
-36154.80
-36408.60
-36657.00
-36900.00
-37139.40
-37373.40
-37602.00
-37827.00
-38044.80
-38259.00
-38469.60
-38673.00
-38873.70
-39069.00
-39259.80
-39445.20
-39625.20
-39801.60
-39973.50
-40140.00
-40302.90
-40460.40
-40613.40
-40762.80
-40906.80
-41045.40
-41180.40
-41311.80
-41437.80
-41560.20
-41677.20
-41790.60
-41898.60
-42003.00
-42103.80
-42199.20
-42291.00
-42379.20
-42462.00
-42541.20
-42616.80
-42687.00
-42755.40
-42818.40
-42877.80
-42933.60
-42984.00
-43032.60
-43075.80
-43117.20
-43155.00
-43187.40
-43216.20
-43241.40
-43264.80
-43284.60
-43299.00
-43309.80
-43318.80
-43321.50
-43319.70
-43317.00
-43316.10
-43316.10
-43316.10
-43316.10
-43316.10
-43316.10
