-378344.68
-378344.68
-378344.68
-378349.18
-378468.00
-378754.18
-379150.18
-379603.78
-380088.00
-380590.18
-381103.18
-381621.59
-382143.59
-382669.18
-383194.78
-383720.37
-384247.78
-384771.59
-385297.18
-385826.37
-386353.78
-386881.18
-387408.59
-387936.00
-388463.37
-388989.00
-389507.37
-390018.59
-390522.59
-391021.18
-391512.59
-391996.78
-392473.78
-392943.59
-393408.00
-393865.18
-394317.00
-394759.78
-395199.00
-395629.18
-396054.00
-396471.59
-396883.78
-397290.59
-397688.37
-398082.59
-398469.59
-398849.37
-399223.78
-399592.78
-399954.59
-400311.00
-400660.18
-401004.00
-401342.37
-401673.59
-401999.37
-402319.78
-402633.00
-402940.78
-403243.18
-403538.37
-403829.09
-404114.37
-404393.37
-404665.18
-404933.37
-405194.37
-405451.78
-405702.00
-405946.78
-406186.18
-406420.18
-406647.87
-406870.18
-407088.00
-407300.37
-407505.59
-407707.18
-407903.37
-408094.18
-408277.78
-408457.78
-408632.37
-408801.59
-408966.28
-409125.59
-409278.59
-409428.00
-409571.09
-409709.68
-409843.78
-409971.59
-410094.87
-410212.78
-410327.09
-410436.00
-410538.59
-410638.50
-410733.00
-410821.18
-410906.68
-410986.78
-411062.37
-411133.50
-411199.18
-411262.18
-411319.78
-411373.78
-411422.37
-411467.37
-411508.78
-411543.87
-411575.37
-411604.18
-411628.50
-411651.00
-411667.18
-411679.78
-411686.09
-411683.37
-411679.78
-411676.18
-411676.18
-411676.18
-411676.18
-411676.18
-411676.18
