-347439.59
-347439.59
-347439.59
-347529.59
-347788.78
-348168.59
-348615.00
-349095.59
-349596.00
-350107.18
-350625.59
-351145.78
-351669.59
-352195.18
-352720.78
-353248.18
-353775.59
-354303.00
-354830.37
-355357.78
-355879.78
-356392.78
-356902.18
-357404.37
-357901.18
-358389.00
-358869.59
-359344.78
-359814.59
-360275.37
-360730.78
-361179.00
-361620.00
-362055.59
-362485.78
-362907.00
-363322.78
-363733.18
-364136.37
-364532.37
-364923.00
-365308.18
-365686.18
-366057.00
-366424.18
-366782.37
-367137.00
-367482.59
-367824.59
-368159.37
-368488.78
-368811.00
-369128.68
-369439.18
-369745.18
-370044.00
-370337.37
-370625.37
-370908.00
-371183.37
-371454.28
-371719.78
-371977.18
-372231.00
-372479.37
-372720.59
-372958.18
-373188.59
-373414.50
-373635.00
-373849.18
-374058.00
-374262.28
-374461.18
-374653.78
-374841.00
-375023.68
-375201.00
-375372.00
-375539.37
-375701.37
-375857.09
-376007.37
-376154.09
-376295.37
-376430.37
-376561.78
-376687.78
-376808.37
-376923.59
-377035.18
-377141.37
-377242.18
-377339.37
-377430.28
-377517.59
-377600.37
-377677.78
-377749.78
-377819.09
-377883.00
-377942.37
-377998.18
-378048.59
-378095.37
-378137.68
-378176.37
-378210.59
-378240.28
-378264.59
-378286.18
-378302.37
-378316.78
-378327.59
-378334.78
-378338.37
-378342.00
-378343.78
-378344.68
-378344.68
-378344.68
-378344.68
-378344.68
-378344.68
