-220469.39
-220469.39
-220469.39
-220509.89
-220712.39
-221056.18
-221482.79
-221952.59
-222447.59
-222953.39
-223466.39
-223981.18
-224503.18
-225027.00
-225552.59
-226080.00
-226605.59
-227131.18
-227658.59
-228186.00
-228713.39
-229239.00
-229757.39
-230270.39
-230776.18
-231274.79
-231764.39
-232250.39
-232727.39
-233199.00
-233663.39
-234120.59
-234572.39
-235017.00
-235454.39
-235886.39
-236311.18
-236728.79
-237141.00
-237546.00
-237945.59
-238338.00
-238725.00
-239104.79
-239479.18
-239848.18
-240209.09
-240564.59
-240913.79
-241257.59
-241594.18
-241925.39
-242250.29
-242569.79
-242883.00
-243189.00
-243489.59
-243786.59
-244074.59
-244359.00
-244636.18
-244908.00
-245174.39
-245435.39
-245691.00
-245939.39
-246184.18
-246421.79
-246654.00
-246880.79
-247102.18
-247318.18
-247527.89
-247732.18
-247932.00
-248126.39
-248314.50
-248497.18
-248675.39
-248848.18
-249015.59
-249177.59
-249334.18
-249485.39
-249632.09
-249773.39
-249910.18
-250039.79
-250165.79
-250286.39
-250403.39
-250513.18
-250619.39
-250720.18
-250817.39
-250907.39
-250993.79
-251075.68
-251154.00
-251226.00
-251293.50
-251357.39
-251415.00
-251470.79
-251521.18
-251566.18
-251607.59
-251645.39
-251677.79
-251706.59
-251730.00
-251748.00
-251765.09
-251776.79
-251785.79
-251793.00
-251798.39
-251800.18
-251798.39
-251798.39
-251798.39
-251798.39
-251798.39
-251798.39
