1
2
2
3
4
5
6
7
14
26
37
49
61
73
86
99
111
124
138
151
165
180
194
208
224
238
252
267
281
296
311
325
339
355
369
384
398
412
428
442
456
471
485
500
515
529
543
559
573
588
604
620
635
651
666
681
698
713
729
744
760
776
791
806
823
838
854
869
884
901
916
931
947
963
978
994
1009
1027
1043
1059
1076
1093
1110
1126
1142
1160
1176
1192
1209
1226
1243
1259
1275
1293
1309
1326
1342
1359
1376
1392
1409
1426
1442
1459
1475
1492
1509
1525
1542
1559
1575
1592
1608
1626
1642
1658
1675
1692
1709
1725
1741
1759
1775
1792
1808
1825
1842
1858
1874
1892
1908
1925
1941
1958
1975
1991
2008
2025
2041
2058
2074
2092
2108
2124
2141
2158
2174
2191
2207
2225
2241
2257
2274
2291
2308
2324
2340
2358
2374
2391
2407
2424
2441
2457
2473
2491
2507
2524
2540
2557
2574
2590
2607
2624
2640
2657
2673
2691
2707
2723
2741
2759
2777
2794
2811
2830
2847
2865
2883
2900
2918
2935
2954
2971
2989
3006
3024
3042
3059
3077
3095
3112
3130
3147
3166
3183
3201
3219
3236
3254
3271
3290
3307
3324
3342
3360
3378
3395
3412
3431
3448
3466
3484
3502
3519
3536
3555
3572
3590
3607
3625
3643
3660
3678
3696
3714
3731
3749
3767
3784
3802
3820
3837
3855
3872
3891
3908
3926
3943
3961
3979
3996
4015
4032
4049
4067
4085
4103
4120
4137
4156
4173
4191
4208
4227
4244
4261
4279
4297
4315
4332
4350
4368
4385
4403
4421
4439
4456
4473
4492
4509
4527
4544
4562
4580
4597
4616
4633
4651
4668
4686
4704
4721
4739
4757
4774
4792
4809
4828
4845
4862
4881
4898
4916
4933
4952
4969
4986
5004
5022
5040
5057
5074
5093
5110
5128
5146
5164
5181
5198
5217
5234
5252
5269
5287
5305
5322
5340
5358
5376
5393
5411
5429
5446
5464
5482
5499
5517
5534
5553
5570
5587
5605
5623
5641
5658
5676
5694
5711
5729
5747
5765
5782
5799
5818
5835
5853
5870
5889
5906
5923
5941
5959
5977
5994
6012
6030
6047
6065
6083
6100
6118
6135
6154
6171
6189
6206
6224
6242
6259
6278
6295
6312
6330
6348
6366
6383
6401
6419
6436
6454
6471
6490
6507
6524
6542
6560
6578
6595
6614
6631
6648
6666
6684
6702
6719
6736
6755
6772
6790
6807
6825
6843
6860
6879
6896
6914
6931
6949
6967
6984
7002
7020
7037
7055
7072
7091
7108
7126
7144
7161
7179
7196
7215
7232
7249
7267
7285
7303
7320
7337
7356
7373
7391
7409
7427
7444
7461
7480
7497
7515
7532
7550
7568
7585
7603
7621
7639
7656
7674
7692
7709
7727
7745
7762
7780
7797
7816
7833
7851
7868
7886
7904
7921
7939
7957
7974
7992
8010
8028
8045
8062
8081
8098
8116
8133
8152
8169
8186
8204
8222
8240
8257
8275
8293
8310
8328
8346
8364
8381
8398
8417
8434
8452
8469
8487
8505
8522
8541
8558
8576
8593
8611
8629
8646
8664
8682
8699
8717
8734
8753
8770
8787
8806
8823
8841
8858
8877
8894
8911
8929
8947
8965
8982
8999
9018
9035
9053
9070
9089
9106
9123
9142
9159
9177
9194
9212
9230
9247
9265
9283
9300
9318
9335
9354
9371
9389
9407
9424
9442
9459
9478
9495
9512
9530
9548
9566
9583
9601
9619
9636
9654
9672
9690
9707
9724
9743
9760
9778
9795
9814
9831
9848
9866
9884
9902
9919
9936
9955
9972
9990
10008
10027
10045
10063
10083
10101
10120
10139
10158
10176
10194
10214
10232
10251
10269
10289
10307
10326
10345
10363
10382
10400
10420
10438
10457
10476
10494
10513
10531
10551
10569
10588
10607
10626
10644
10662
10682
10700
10719
10738
10757
10775
10793
10813
10831
10850
10868
10888
10906
10925
10944
10962
10981
10999
11019
11037
11056
11075
11094
11112
11130
11150
11168
11187
11206
11225
11243
11261
11281
11299
11318
11337
11356
11374
11393
11412
11430
11449
11467
11487
11505
11524
11543
11561
11580
11598
11618
11636
11655
11674
11693
11711
11729
11749
11767
11786
11805
11824
11842
11860
11880
11898
11917
11936
11955
11973
11992
12011
12029
12048
12066
12086
12104
12123
12142
12161
12179
12197
12217
12235
12254
12273
12292
12310
12328
12348
12366
12385
12404
12423
12441
12460
12479
12497
12516
12535
12554
12572
12591
12610
12628
12647
12665
12685
12703
12722
12741
12760
12778
12796
12816
12834
12853
12872
12891
12909
12928
12947
12965
12984
13003
13022
13040
13059
13078
13096
13115
13134
13153
13171
13190
13209
13228
13246
13264
13284
13302
13321
13340
13359
13377
13395
13415
13433
13452
13471
13490
13508
13527
13546
13564
13583
13602
13621
13639
13658
13677
13696
13714
13733
13752
13770
13789
13808
13827
13845
13863
13883
13901
13920
13939
13958
13976
13995
14014
14032
14051
14070
14089
14107
14126
14145
14163
14182
14201
14220
14238
14257
14276
14295
14313
14332
14351
14369
14388
14407
14426
14444
14462
14482
14500
14519
14538
14557
14575
14594
14613
14631
14650
14669
14688
14706
14725
14744
14763
14781
14800
14819
14837
14856
14875
14894
14912
14931
14950
14968
14987
15006
15025
15043
15063
15081
15099
15118
15137
15156
15174
15193
15212
15230
15249
15268
15287
15305
15324
15343
15362
15380
15399
15418
15436
15455
15474
15493
15511
15531
15549
15567
15586
15605
15624
15642
15662
15680
15698
15717
15736
15755
15773
15792
15811
15830
15848
15867
15886
15904
15923
15942
15961
15979
15998
16017
16035
16054
16073
16092
16110
16130
16148
16166
16185
16204
16223
16241
16261
16279
16297
16316
16335
16354
16372
16391
16410
16429
16447
16466
16485
16503
16522
16541
16560
16578
16598
16616
16634
16653
16672
16691
16709
16729
16747
16765
16784
16803
16822
16840
16859
16878
16897
16915
16934
16953
16971
16990
17009
17028
17046
17065
17084
17102
17121
17140
17159
17177
17197
17215
17233
17252
17271
17290
17308
17328
17346
17364
17383
17402
17421
17439
17458
17477
17496
17514
17533
17552
17570
17589
17608
17627
17645
17665
17683
17701
17720
17739
17758
17776
17796
17814
17832
17851
17870
17889
17907
17927
17945
17964
17982
18001
18020
18038
18058
18076
18095
18113
18132
18151
18169
18188
18207
18226
18244
18264
18282
18300
18319
18338
18357
18375
18395
18413
18432
18450
18469
18488
18506
18526
18544
18563
18581
18600
18619
18637
18657
18675
18694
18712
18732
18750
18768
18787
18806
18825
18843
18863
18881
18899
18918
18937
18956
18974
18994
19012
19031
19049
19068
19087
19105
19125
19143
19162
19180
19200
19218
19236
19255
19274
19293
19311
19331
19349
19367
19386
19405
19424
19442
19462
19480
19499
19517
19536
19555
19573
19593
19611
19630
19648
19667
19686
19704
19724
19742
19761
19779
19799
19817
19835
19854
19873
19892
19910
19930
19948
19966
19985
20004
20023
20041
20061
20079
20098
20116
20135
20154
20172
20192
20210
20229
20247
20267
20285
20303
20323
20341
20360
20378
20398
20416
20434
20454
20472
20491
20509
20529
20547
20566
20584
20603
20622
20640
20660
20678
20697
20715
20734
20753
20771
20791
20809
20828
20846
20866
20884
20902
20922
20940
20959
20977
20997
21015
21033
21053
21071
21090
21108
21128
21146
21165
21183
21202
21221
21239
21259
21277
21296
21314
21334
21352
21370
21390
21408
21427
21445
21465
21483
21501
21521
21539
21558
21576
21596
21614
21633
21651
21670
21689
21707
21727
21745
21764
21782
21801
21820
21838
21858
21876
21895
21913
21933
21951
21969
21989
22007
22026
22044
22064
22082
22100
22120
22138
22157
22175
22195
22213
22232
22250
22269
22288
22306
22326
22344
22363
22381
22401
22419
22437
22457
22475
22494
22512
22532
22550
22568
22588
22606
22625
22643
22663
22681
22700
22719
22737
22756
22774
22794
22812
22831
22849
22868
22887
22905
22925
22943
22962
22980
23000
23018
23036
23056
23074
23093
23111
23131
23149
23168
23187
23205
23224
23242
23262
23280
23299
23318
23336
23355
23373
23393
23411
23430
23448
23468
23486
23504
23524
23542
23561
23579
23599
23617
23635
23655
23673
23692
23710
23730
23748
23767
23786
23804
23823
23841
23861
23879
23898
23917
23936
23954
23972
23992
24010
24029
24047
24067
24085
24103
24123
24141
24160
24178
24198
24216
24235
24254
24272
24291
24309
24329
24347
24366
24385
24403
24422
24440
24460
24478
24497
24516
24535
24553
24571
24591
24609
24628
24646
24666
24684
24702
24722
24740
24759
24777
24797
24815
24834
24853
24871
24890
24908
24928
24946
24965
24984
25003
25021
25039
25059
25077
25096
25115
25134
25152
25170
25190
25208
25227
25245
25265
25283
25302
25321
25339
25358
25376
25396
25414
25433
25452
25470
25489
25507
25527
25545
25564
25583
25602
25620
25638
25658
25676
25695
25714
25733
25751
25769
25789
25807
25826
25845
25864
25882
25901
25920
25938
25957
25975
25995
26013
26032
26051
26070
26088
26106
26126
26144
26163
26182
26201
26219
26237
26257
26275
26294
26313
26332
26350
26369
26388
26406
26425
26444
26463
26481
26500
26519
26537
26556
26574
26594
26612
26631
26650
26669
26687
26705
26725
26743
26762
26781
26800
26818
26836
26856
26874
26893
26912
26931
26949
26968
26987
27005
27024
27042
27062
27080
27099
27118
27137
27155
27173
27193
27211
27230
27249
27268
27286
27304
27324
27342
27361
27380
27399
27417
27436
27455
27473
27492
27511
27530
27548
27567
27586
27604
27623
27641
27661
27679
27698
27717
27736
27754
27772
27792
27810
27829
27848
27867
27885
27904
27923
27941
27960
27979
27998
28016
28035
28054
28072
28091
28110
28129
28147
28166
28185
28204
28222
28240
28260
28278
28297
28316
28335
28353
28371
28391
28409
28428
28447
28466
28484
28503
28522
28540
28559
28578
28597
28615
28634
28653
28672
28690
28709
28728
28746
28765
28784
28803
28821
28839
28859
28877
28896
28915
28934
28952
28971
28990
29008
29027
29046
29065
29083
29102
29121
29139
29158
29177
29196
29214
29233
29252
29271
29289
29308
29327
29345
29364
29383
29402
29420
29438
29458
29476
29495
29514
29533
29551
29570
29589
29607
29626
29645
29664
29682
29701
29720
29739
29757
29776
29795
29813
29832
29851
29870
29888
29907
29926
29944
29963
29982
30001
30019
30038
30057
30075
30094
30113
30132
30150
30169
30188
30206
30225
30244
30263
30281
30300
30319
30338
30356
30375
30394
30412
30431
30450
30469
30487
30507
30525
30543
30562
30581
30600
30618
30638
30656
30674
30693
30712
30731
30749
30768
30787
30806
30824
30843
30862
30880
30899
30918
30937
30955
30974
30993
31011
31030
31049
31068
31086
31106
31124
31142
31161
31180
31199
31217
31236
31255
31273
31292
31311
31330
31348
31367
31386
31405
31423
31442
31461
31479
31498
31517
31536
31554
31574
31592
31610
31629
31648
31667
31685
31705
31723
31741
31760
31779
31798
31816
31835
31854
31873
31891
31910
31929
31947
31966
31985
32004
32022
32041
32060
32078
32097
32116
32135
32153
32173
32191
32209
32228
32247
32266
32284
32304
32322
32340
32359
32378
32397
32415
32434
32453
32472
32490
32509
32528
32546
32565
32584
32603
32621
32641
32659
32677
32696
32715
32734
32752
32772
32790
32808
32827
32846
32865
32883
32903
32921
32940
32958
32977
32996
33014
33033
33052
33071
33089
33108
33127
33145
33164
33183
33202
33220
33240
33258
33276
33295
33314
33333
33351
33371
33389
33408
33426
33445
33464
33482
33502
33520
33539
33557
33576
33595
33613
33632
33651
33670
33688
33708
33726
33744
33763
33782
33801
33819
33839
33857
33875
33894
33913
33932
33950
33970
33988
34007
34025
34044
34063
34081
34101
34119
34138
34156
34176
34194
34212
34231
34250
34269
34287
34307
34325
34343
34362
34381
34400
34418
34438
34456
34475
34493
34512
34531
34549
34569
34587
34606
34624
34643
34662
34680
34700
34718
34737
34755
34775
34793
34811
34830
34849
34868
34886
34906
34924
34942
34961
34980
34999
35017
35037
35055
35074
35092
35111
35130
35148
35168
35186
35205
35223
35243
35261
35279
35299
35317
35336
35354
35374
35392
35410
35429
35448
35467
35485
35505
35523
35542
35560
35579
35598
35616
35636
35654
35673
35691
35710
35729
35747
35767
35785
35804
35822
35842
35860
35878
35898
35916
35935
35953
35973
35991
36009
36029
36047
36066
36084
36104
36122
36141
36159
36178
36197
36215
36235
36253
36272
36290
36310
36328
36346
36366
36384
36403
36421
36441
36459
36477
36497
36515
36534
36552
36572
36590
36609
36627
36646
36665
36683
36703
36721
36740
36758
36777
36796
36814
36834
36852
36871
36889
36909
36927
36945
36965
36983
37002
37020
37040
37058
37076
37096
37114
37133
37151
37171
37189
37208
37227
37245
37264
37282
37302
37320
37339
37357
37377
37395
37413
37433
37451
37470
37488
37508
37526
37544
37564
37582
37601
37619
37639
37657
37676
37695
37713
37732
37750
37770
37788
37807
37826
37844
37863
37881
37901
37919
37938
37956
37976
37994
38012
38032
38050
38069
38087
38107
38125
38144
38163
38181
38200
38218
38238
38256
38275
38294
38312
38331
38349
38369
38387
38406
38425
38444
38462
38480
38500
38518
38537
38555
38575
38593
38611
38631
38649
38668
38686
38706
38724
38743
38762
38780
38799
38817
38837
38855
38874
38893
38912
38930
38948
38968
38986
39005
39024
39043
39061
39079
39099
39117
39136
39154
39174
39192
39211
39230
39248
39267
39285
39305
39323
39342
39361
39379
39398
39416
39436
39454
39473
39492
39511
39529
39547
39567
39585
39604
39623
39642
39660
39678
39698
39716
39735
39753
39773
39791
39810
39829
39847
39866
39884
39904
39922
39941
39960
39979
39997
40015
40035
40053
40072
40091
40110
40128
40146
40166
40184
40203
40222
40241
40259
40278
40297
40315
40334
40352
40372
40390
40409
40428
40446
40465
40483
40503
40521
40540
40559
40578
40596
40614
40634
40652
40671
40690
40709
40727
40745
40765
40783
40802
40820
40840
40858
40877
40896
40914
40933
40951
40971
40989
41008
41027
41046
41064
41082
41102
41120
41139
41158
41177
41195
41213
41233
41251
41270
41289
41308
41326
41345
41364
41382
41401
41419
41439
41457
41476
41495
41513
41532
41550
41570
41588
41607
41626
41645
41663
41681
41701
41719
41738
41757
41776
41794
41812
41832
41850
41869
41888
41907
41925
41944
41963
41981
42000
42018
42038
42056
42075
42094
42113
42131
42149
42169
42187
42206
42225
42244
42262
42280
42300
42318
42337
42356
42375
42393
42412
42431
42449
42468
42487
42506
42524
42543
42562
42580
42599
42617
42637
42655
42674
42693
42712
42730
42748
42768
42786
42805
42824
42843
42861
42880
42899
42917
42936
42955
42974
42992
43011
43030
43048
43067
43086
43105
43123
43142
43161
43180
43198
43216
43236
43254
43273
43292
43311
43329
43347
43367
43385
43404
43423
43442
43460
43479
43498
43516
43535
43554
43573
43591
43610
43629
43648
43666
43685
43704
43722
43741
43760
43779
43797
43815
43835
43853
43872
43891
43910
43928
43947
43966
43984
44003
44022
44041
44059
44078
44097
44115
44134
44153
44172
44190
44209
44228
44247
44265
44284
44303
44321
44340
44359
44378
44396
44414
44434
44452
44471
44490
44509
44527
44546
44565
44583
44602
44621
44640
44658
44677
44696
44715
44733
44752
44771
44789
44808
44827
44846
44864
44883
44902
44920
44939
44958
44977
44995
45014
45033
45051
45070
45089
45108
45126
45145
45164
45182
45201
45220
45239
45257
45276
45295
45314
45332
45351
45370
45388
45407
45426
45445
45463
45483
45501
45519
45538
45557
45576
45594
45614
45632
45650
45669
45688
45707
45725
45744
45763
45782
45800
45819
45838
45856
45875
45894
45913
45931
45950
45969
45987
46006
46025
46044
46062
46082
46100
46118
46137
46156
46175
46193
46213
46231
46249
46268
46287
46306
46324
46343
46362
46381
46399
46418
46437
46455
46474
46493
46512
46530
46550
46568
46586
46605
46624
46643
46661
46681
46699
46717
46736
46755
46774
46792
46812
46830
46849
46867
46886
46905
46923
46942
46961
46980
46998
47017
47036
47054
47073
47092
47111
47129
47149
47167
47185
47204
47223
47242
47260
47280
47298
47316
47335
47354
47373
47391
47410
47429
47448
47466
47485
47504
47522
47541
47560
47579
47597
47617
47635
47653
47672
47691
47710
47728
47748
47766
47784
47803
47822
47841
47859
47879
47897
47916
47934
47953
47972
47990
48010
48028
48047
48065
48084
48103
48121
48140
48159
48178
48196
48216
48234
48252
48271
48290
48309
48327
48347
48365
48384
48402
48421
48440
48458
48478
48496
48515
48533
48552
48571
48589
48608
48627
48646
48664
48684
48702
48720
48739
48758
48777
48795
48815
48833
48851
48870
48889
48908
48926
48946
48964
48983
49001
49020
49039
49057
49077
49095
49114
49132
49152
49170
49188
49208
49226
49245
49263
49283
49301
49319
49338
49357
49376
49394
49414
49432
49451
49469
49488
49507
49525
49545
49563
49582
49600
49619
49638
49656
49676
49694
49713
49731
49751
49769
49787
49807
49825
49844
49862
49882
49900
49918
49937
49956
49975
49993
50013
50031
50050
50068
50087
50106
50124
50144
50162
50181
50199
50219
50237
50255
50275
50293
50312
50330
50350
50368
50386
50406
50424
50443
50461
50481
50499
50518
50536
50555
50574
50592
50612
50630
50649
50667
50686
50705
50723
50743
50761
50780
50798
50818
50836
50854
50874
50892
50911
50929
50949
50967
50985
51005
51023
51042
51060
51080
51098
51117
51135
51154
51173
51191
51211
51229
51248
51266
51286
51304
51322
51342
51360
51379
51397
51417
51435
51453
51473
51491
51510
51528
51548
51566
51585
51603
51622
51641
51659
51679
51697
51716
51734
51753
51772
51790
51810
51828
51847
51865
51885
51903
51921
51941
51959
51978
51996
52016
52034
52052
52072
52090
52109
52127
52147
52165
52184
52202
52221
52240
52258
52278
52296
52315
52333
52353
52371
52389
52409
52427
52446
52464
52484
52502
52520
52540
52558
52577
52595
52615
52633
52652
52671
52689
52708
52726
52746
52764
52783
52801
52820
52839
52857
52877
52895
52914
52932
52952
52970
52988
53008
53026
53045
53063
53083
53101
53120
53139
53157
53176
53194
53214
53232
53251
53270
53288
53307
53325
53345
53363
53382
53400
53420
53438
53456
53476
53494
53513
53531
53551
53569
53587
53607
53625
53644
53662
53682
53700
53719
53738
53756
53775
53793
53813
53831
53850
53869
53888
53906
53924
53944
53962
53981
53999
54019
54037
54055
54075
54093
54112
54130
54150
54168
54187
54206
54224
54243
54261
54281
54299
54318
54337
54355
54374
54392
54412
54430
54449
54468
54487
54505
54523
54543
54561
54580
54599
54618
54636
54654
54674
54692
54711
54729
54749
54767
54786
54805
54823
54842
54860
54880
54898
54917
54936
54955
54973
54991
55011
55029
55048
55067
55086
55104
55122
55142
55160
55179
55198
55217
55235
55254
55273
55291
55310
55328
55348
55366
55385
55404
55422
55441
55459
55479
55497
55516
55535
55554
55572
55590
55610
55628
55647
55666
55685
55703
55721
55741
55759
55778
55797
55816
55834
55853
55872
55890
55909
55927
55947
55965
55984
56003
56022
56040
56058
56078
56096
56115
56134
56153
56171
56189
56209
56227
56246
56265
56284
56302
56321
56340
56358
56377
56395
56415
56433
56452
56471
56489
56508
56526
56546
56564
56583
56602
56621
56639
56657
56677
56695
56714
56733
56752
56770
56788
56808
56826
56845
56864
56883
56901
56920
56939
56957
56976
56994
57014
57032
57051
57070
57089
57107
57125
57145
57163
57182
57201
57220
57238
57256
57276
57294
57313
57332
57351
57369
57388
57407
57425
57444
57463
57482
57500
57519
57538
57556
57575
57593
57613
57631
57650
57669
57688
57706
57724
57744
57762
57781
57800
57819
57837
57856
57875
57893
57912
57931
57950
57968
57987
58006
58024
58043
58062
58081
58099
58118
58137
58156
58174
58193
58212
58230
58249
58268
58287
58305
58323
58343
58361
58380
58399
58418
58436
58455
58474
58492
58511
58530
58549
58567
58586
58605
58624
58642
58661
58680
58698
58717
58736
58755
58773
58792
58811
58829
58848
58867
58886
58904
58923
58942
58960
58979
58998
59017
59035
59054
59073
59091
59110
59129
59148
59166
59185
59204
59223
59241
59260
59279
59297
59316
59335
59354
59372
59392
59410
59428
59447
59466
59485
59503
59522
59541
59559
59578
59597
59616
59634
59653
59672
59691
59709
59728
59747
59765
59784
59803
59822
59840
59859
59878
59896
59915
59934
59953
59971
59990
60009
60027
60046
60065
60084
60102
60121
60140
60158
60177
60196
60215
60233
60252
60271
60290
60308
60327
60346
60364
60383
60402
60421
60439
60459
60477
60495
60514
60533
60552
60570
60589
60608
60626
60645
60664
60683
60701
60720
60739
60758
60776
60795
60814
60832
60851
60870
60889
60907
60926
60945
60963
60982
61001
61020
61038
61058
61076
61094
61113
61132
61151
61169
61188
61207
61225
61244
61263
61282
61300
61319
61338
61357
61375
61394
61413
61431
61450
61469
61488
61506
61526
61544
61562
61581
61600
61619
61637
61657
61675
61693
61712
61731
61750
61768
61787
61806
61825
61843
61862
61881
61899
61918
61937
61956
61974
61993
62012
62030
62049
62068
62087
62105
62125
62143
62161
62180
62199
62218
62236
62256
62274
62292
62311
62330
62349
62367
62386
62405
62424
62442
62461
62480
62498
62517
62536
62555
62573
62593
62611
62629
62648
62667
62686
62704
62724
62742
62760
62779
62798
62817
62835
62855
62873
62892
62910
62929
62948
62966
62986
63004
63023
63041
63060
63079
63097
63116
63135
63154
63172
63192
63210
63228
63247
63266
63285
63303
63323
63341
63360
63378
63397
63416
63434
63454
63472
63491
63509
63528
63547
63565
63585
63603
63622
63640
63660
63678
63696
63715
63734
63753
63771
63791
63809
63827
63846
63865
63884
63902
63922
63940
63959
63977
63996
64015
64033
64053
64071
64090
64108
64128
64146
64164
64183
64202
64221
64239
64259
64277
64295
64314
64333
64352
64370
64390
64408
64427
64445
64464
64483
64501
64521
64539
64558
64576
64595
64614
64632
64652
64670
64689
64707
64727
64745
64763
64783
64801
64820
64838
64858
64876
64894
64913
64932
64951
64969
64989
65007
65026
65044
65063
65082
65100
65120
65138
65157
65175
65195
65213
65231
65251
65269
65288
65306
65326
65344
65362
65382
65400
65419
65437
65457
65475
65494
65512
65531
65550
65568
65588
65606
65625
65643
65662
65681
65699
65719
65737
65756
65774
65794
65812
65830
65850
65868
65887
65905
65925
65943
65961
65981
65999
66018
66036
66056
66074
66093
66111
66130
66149
66167
66187
66205
66224
66242
66262
66280
66298
66318
66336
66355
66373
66393
66411
66429
66449
66467
66486
66504
66524
66542
66561
66580
66598
66617
66635
66655
66673
66692
66710
66729
66748
66766
66786
66804
66823
66841
66861
66879
66897
66917
66935
66954
66972
66992
67010
67028
67048
67066
67085
67103
67123
67141
67160
67179
67197
67216
67234
67254
67272
67291
67309
67329
67347
67365
67385
67403
67422
67440
67460
67478
67496
67516
67534
67553
67571
67591
67609
67628
67647
67665
67684
67702
67722
67740
67759
67777
67796
67815
67833
67853
67871
67890
67908
67928
67946
67964
67984
68002
68021
68039
68059
68077
68096
68115
68133
68152
68170
68190
68208
68227
68246
68264
68283
68301
68321
68339
68358
68376
68396
68414
68432
68452
68470
68489
68507
68527
68545
68563
68583
68601
68620
68638
68658
68676
68695
68714
68732
68751
68769
68789
68807
68826
68845
68864
68882
68900
68920
68938
68957
68975
68995
69013
69031
69051
69069
69088
69106
69126
69144
69163
69182
69200
69219
69237
69257
69275
69294
69313
69331
69350
69368
69388
69406
69425
69444
69463
69481
69499
69519
69537
69556
69574
69594
69612
69630
69650
69668
69687
69705
69725
69743
69762
69781
69799
69818
69836
69856
69874
69893
69912
69931
69949
69967
69987
70005
70024
70043
70062
70080
70098
70118
70136
70155
70173
70193
70211
70230
70249
70267
70286
70304
70324
70342
70361
70380
70398
70417
70435
70455
70473
70492
70511
70530
70548
70566
70586
70604
70623
70642
70661
70679
70697
70717
70735
70754
70772
70792
70810
70829
70848
70866
70885
70903
70923
70941
70960
70979
70998
71016
71034
71054
71072
71091
71109
71127
71144
71161
71180
71197
71215
71232
71250
71268
71285
71303
71321
71339
71356
71374
71392
71409
71427
71445
71462
71480
71497
71516
71533
71550
71568
71586
71604
71621
71640
71657
71674
71692
71710
71728
71745
71762
71781
71798
71816
71833
71852
71869
71886
71904
71922
71940
71957
71975
71993
72010
72028
72046
72064
72081
72098
72117
72134
72152
72169
72187
72205
72222
72241
72258
72275
72293
72311
72329
72346
72364
72382
72399
72417
72434
72453
72470
72487
72506
72523
72541
72558
72577
72594
72611
72629
72647
72665
72682
72699
72718
72735
72753
72771
72788
72806
72823
72842
72859
72877
72894
72912
72930
72947
72965
72983
73000
73018
73036
73054
73071
73089
73107
73124
73142
73159
73178
73195
73212
73230
73248
73266
73282
73298
73316
73332
73349
73365
73382
73399
73415
73432
73465
73449
73481
73496
73513
73531
73548
73566
73584
73602
73619
73637
73655
73672
73690
73708
73725
73744
73762
73782
73800
73819
73838
73857
73875
73893
73913
73931
73950
73969
73988
74006
74024
74044
74062
74081
74099
74119
74137
74156
74175
74193
74212
74230
74250
74268
74287
74306
74324
74343
74361
74381
74399
74418
74437
74456
74474
74492
74512
74530
74549
74568
74587
74605
74624
74643
74661
74680
74698
74718
74736
74755
74774
74792
74811
74829
74849
74867
74886
74905
74924
74942
74960
74980
74998
75017
75036
75055
75073
75091
75111
75129
75148
75167
75186
75204
75223
75242
75260
75279
75297
75317
75335
75354
75373
75392
75410
75428
75448
75466
75485
75504
75523
75541
75559
75579
75597
75616
75635
75654
75672
75691
75710
75728
75747
75766
75785
75803
75822
75841
75859
75879
75899
75919
75938
75958
75978
75998
76017
76038
76057
76077
76096
76116
76136
76155
76176
76195
76215
76235
76255
76274
76294
76314
76334
76353
76374
76393
76412
76433
76452
76472
76491
76512
76531
76551
76571
76591
76610
76631
76650
76669
76689
76709
76729
76748
76769
76788
76808
76827
76848
76867
76887
76907
76926
76946
76966
76986
77005
77025
77045
77065
77084
77105
77124
77144
77164
77184
77203
77222
77243
77262
77282
77302
77322
77341
77361
77381
77401
77420
77441
77460
77479
77500
77519
77539
77558
77579
77598
77618
77638
77658
77677
77698
77717
77736
77756
77776
77796
77815
77836
77855
77875
77894
77915
77934
77954
77974
77993
78013
78033
78053
78072
78092
78112
78132
78151
78172
78191
78211
78231
78251
78270
78289
78310
78329
78349
78369
78389
78408
78429
78448
78468
78487
78508
78527
78546
78567
78586
78606
78625
78646
78665
78685
78705
78725
78744
78765
78784
78803
78823
78843
78863
78882
78903
78922
78942
78962
78982
79001
79021
79041
79060
79080
79100
79120
79139
79160
79179
79199
79218
79239
79258
79278
79298
79318
79337
79356
79377
79396
79416
79436
79456
79475
79496
79515
79535
79554
79575
79594
79613
79634
79653
79673
79693
79713
79732
79752
79772
79792
79811
79832
79851
79870
79890
79910
79930
79949
79970
79989
80009
80029
80049
80068
80088
80108
80128
80147
80167
80187
80206
80227
80246
80266
80285
80306
80325
80345
80365
80385
80404
80424
80444
80463
80483
80503
80523
80542
80563
80582
80602
80621
80642
80661
80680
80701
80720
80740
80760
80780
80799
80819
80839
80859
80878
80899
80918
80937
80958
80977
80997
81016
81037
81056
81076
81096
81116
81135
81155
81175
81195
81214
81234
81254
81273
81294
81313
81333
81352
81373
81392
81412
81432
81452
81471
81491
81511
81530
81550
81570
81590
81609
81630
81649
81669
81688
81709
81728
81747
81768
81787
81807
81827
81847
81866
81886
81906
81926
81945
81966
81985
82004
82025
82044
82064
82083
82104
82123
82143
82163
82183
82202
82223
82242
82262
82281
82301
82321
82340
82361
82380
82400
82419
82440
82459
82479
82499
82519
82538
82558
82578
82597
82617
82637
82657
82676
82697
82716
82736
82756
82776
82795
82814
82835
82854
82874
82894
82914
82933
82954
82973
82993
83012
83033
83052
83072
83092
83111
83131
83150
83171
83190
83210
83230
83250
83269
83290
83309
83329
83348
83368
83388
83407
83428
83447
83467
83487
83507
83526
83546
83566
83586
83605
83625
83645
83664
83684
83704
83724
83743
83764
83783
83803
83823
83843
83862
83881
83902
83921
83941
83961
83981
84000
84021
84040
84060
84079
84100
84119
84139
84159
84178
84198
84217
84238
84257
84277
84297
84317
84336
84357
84376
84396
84415
84435
84455
84474
84495
84514
84534
84554
84574
84593
84613
84633
84653
84672
84692
84712
84731
84752
84771
84791
84810
84831
84850
84870
84890
84910
84929
84948
84969
84988
85008
85028
85048
85067
85088
85107
85127
85146
85167
85186
85206
85226
85245
85265
85285
85305
85324
85344
85364
85384
85403
85424
85443
85463
85483
85502
85522
85541
85562
85581
85601
85621
85641
85660
85680
85700
85720
85739
85760
85779
85798
85819
85838
85858
85877
85898
85917
85937
85957
85977
85996
86017
86036
86055
86075
86095
86115
86134
86155
86174
86194
86213
86234
86253
86273
86293
86312
86332
86352
86372
86391
86411
86431
86451
86470
86491
86510
86530
86550
86569
86589
86608
86629
86648
86668
86688
86708
86727
86747
86767
86787
86806
86827
86846
86865
86886
86905
86925
86944
86965
86984
87004
87024
87044
87063
87084
87103
87122
87142
87162
87182
87201
87222
87241
87261
87281
87301
87320
87340
87360
87379
87399
87419
87439
87458
87478
87498
87518
87537
87558
87577
87597
87617
87636
87656
87675
87696
87715
87735
87755
87775
87794
87815
87834
87854
87873
87894
87913
87932
87953
87972
87992
88011
88032
88051
88071
88091
88111
88130
88151
88170
88189
88209
88229
88249
88268
88289
88308
88328
88348
88368
88387
88407
88427
88446
88466
88486
88506
88525
88546
88565
88585
88604
88625
88644
88664
88684
88704
88723
88742
88763
88782
88802
88822
88842
88861
88882
88901
88921
88940
88961
88980
88999
89020
89039
89059
89079
89099
89118
89138
89158
89178
89197
89218
89237
89256
89276
89296
89316
89335
89356
89375
89395
89415
89435
89454
89474
89494
89513
89533
89553
89573
89592
89613
89632
89652
89671
89692
89711
89731
89751
89771
89790
89810
89830
89849
89869
89889
89909
89928
89949
89968
89988
90007
90028
90047
90066
90087
90106
90126
90146
90166
90185
90205
90225
90245
90264
90285
90304
90323
90344
90363
90383
90402
90423
90442
90462
90482
90502
90521
90541
90561
90580
90600
90620
90640
90659
90680
90699
90719
90738
90759
90778
90798
90818
90838
90857
90877
90897
90916
90936
90956
90976
90995
91016
91035
91055
91075
91095
91114
91133
91154
91173
91193
91213
91233
91252
91272
91292
91312
91331
91352
91371
91390
91411
91430
91450
91469
91490
91509
91529
91549
91569
91588
91609
91628
91648
91667
91687
91707
91726
91747
91766
91786
91806
91826
91845
91865
91885
91905
91924
91944
91964
91983
92003
92023
92043
92062
92083
92102
92122
92142
92162
92181
92200
92221
92240
92260
92280
92300
92319
92340
92359
92379
92398
92419
92438
92457
92478
92497
92517
92536
92557
92576
92596
92616
92636
92655
92676
92695
92715
92734
92754
92774
92793
92814
92833
92853
92873
92893
92912
92932
92952
92972
92991
93011
93031
93050
93070
93090
93110
93129
93150
93169
93189
93209
93229
93248
93267
93288
93307
93327
93347
93367
93386
93407
93426
93446
93465
93486
93505
93524
93545
93564
93584
93604
93624
93643
93663
93683
93703
93722
93743
93762
93782
93801
93821
93841
93860
93881
93900
93920
93940
93960
93979
93999
94019
94039
94058
94078
94098
94117
94138
94157
94177
94196
94217
94236
94256
94276
94296
94315
94334
94355
94374
94394
94414
94434
94453
94474
94493
94513
94532
94553
94572
94592
94612
94631
94651
94671
94691
94710
94730
94750
94770
94789
94810
94829
94849
94869
94888
94908
94927
94948
94967
94987
95007
95027
95046
95066
95086
95106
95125
95145
95165
95184
95205
95224
95244
95263
95284
95303
95323
95343
95363
95382
95403
95422
95441
95461
95481
95501
95520
95541
95560
95580
95600
95620
95639
95659
95679
95698
95718
95738
95758
95777
95797
95817
95837
95856
95877
95896
95916
95936
95955
95975
95994
96015
96034
96054
96074
96094
96113
96134
96153
96173
96192
96212
96232
96251
96272
96291
96311
96330
96351
96370
96390
96410
96430
96449
96470
96489
96508
96528
96548
96568
96587
96608
96627
96647
96667
96687
96706
96726
96746
96765
96785
96805
96825
96844
96864
96884
96904
96923
96944
96963
96983
97003
97022
97042
97061
97082
97101
97121
97141
97161
97180
97201
97220
97240
97259
97280
97299
97318
97339
97358
97378
97398
97418
97437
97457
97477
97497
97516
97537
97556
97575
97595
97615
97635
97654
97675
97694
97714
97734
97754
97773
97793
97813
97832
97852
97872
97892
97911
97932
97951
97971
97990
98011
98030
98050
98070
98089
98109
98128
98149
98168
98188
98208
98228
98247
98268
98287
98307
98326
98347
98366
98385
98406
98425
98445
98465
98485
98504
98524
98544
98564
98583
98604
98623
98642
98663
98682
98702
98721
98742
98761
98781
98801
98821
98840
98860
98880
98899
98919
98939
98959
98978
98999
99018
99038
99057
99078
99097
99117
99137
99156
99176
99196
99216
99235
99255
99275
99295
99314
99335
99354
99374
99393
99414
99433
99452
99473
99492
99512
99532
99552
99571
99591
99611
99631
99650
99671
99690
99709
99730
99749
99769
99788
99809
99828
99848
99868
99888
99907
99928
99947
99966
99986
100006
100027
100047
100069
100089
100110
100131
100152
100172
100194
100214
100235
100255
100277
100297
100318
100339
100360
100380
100402
100422
100443
100464
100485
100505
100527
100547
100568
100588
100610
100630
100651
100672
100692
100713
100734
100755
100775
100797
100817
100838
100859
100880
100900
100921
100942
100963
100983
101005
101025
101046
101067
101088
101108
101130
101150
101171
101192
101213
101233
101254
101275
101296
101316
101338
101358
101379
101400
101421
101441
101463
101483
101504
101525
101545
101566
101586
101608
101628
101649
101670
101691
101711
101733
101753
101774
101795
101816
101836
101858
101878
101899
101919
101941
101961
101982
102003
102024
102044
102066
102086
102107
102128
102149
102169
102191
102211
102232
102252
102274
102294
102315
102336
102356
102377
102398
102419
102439
102461
102481
102502
102523
102544
102564
102585
102606
102627
102647
102669
102689
102710
102731
102752
102772
102794
102814
102835
102856
102877
102897
102918
102939
102960
102980
103002
103022
103043
103064
103085
103105
103127
103147
103168
103189
103209
103230
103250
103272
103292
103313
103334
103355
103375
103397
103417
103438
103459
103480
103500
103522
103542
103563
103583
103605
103625
103646
103667
103688
103708
103730
103750
103771
103792
103813
103833
103855
103875
103896
103916
103938
103958
103979
104000
104020
104041
104062
104083
104103
104125
104145
104166
104187
104208
104228
104249
104270
104291
104311
104333
104353
104374
104395
104416
104436
104458
104478
104499
104520
104541
104561
104582
104603
104624
104644
104666
104686
104707
104728
104749
104769
104791
104811
104832
104853
104873
104894
104914
104936
104956
104977
104998
105019
105039
105061
105081
105102
105123
105144
105164
105186
105206
105227
105247
105269
105289
105310
105331
105352
105372
105394
105414
105435
105456
105477
105497
105519
105539
105560
105580
105602
105622
105643
105664
105684
105705
105726
105747
105767
105789
105809
105830
105851
105872
105892
105913
105934
105955
105975
105997
106017
106038
106059
106080
106100
106122
106142
106163
106184
106205
106225
106246
106267
106288
106308
106330
106350
106371
106392
106413
106433
106455
106475
106496
106517
106537
106558
106578
106600
106620
106641
106662
106683
106703
106725
106745
106766
106787
106808
106828
106850
106870
106891
106911
106933
106953
106974
106995
107016
107036
107058
107078
107099
107120
107141
107161
107183
107203
107224
107244
107266
107286
107307
107328
107348
107369
107390
107411
107431
107453
107473
107494
107515
107536
107556
107577
107598
107619
107639
107661
107681
107702
107723
107744
107764
107786
107806
107827
107848
107869
107889
107910
107931
107952
107972
107994
108014
108035
108056
108077
108097
108119
108139
108160
108181
108201
108222
108242
108264
108284
108305
108326
108347
108367
108389
108409
108430
108451
108472
108492
108514
108534
108555
108575
108597
108617
108638
108659
108680
108700
108722
108742
108763
108784
108805
108825
108847
108867
108888
108908
108930
108950
108971
108992
109012
109033
109054
109075
109095
109117
109137
109158
109179
109200
109220
109241
109262
109283
109303
109325
109345
109366
109387
109408
109428
109450
109470
109491
109512
109533
109553
109574
109595
109616
109636
109658
109678
109699
109720
109741
109761
109783
109803
109824
109845
109865
109886
109906
109928
109948
109969
109990
110011
110031
110053
110073
110094
110115
110136
110156
110178
110198
110219
110239
110261
110281
110302
110323
110344
110364
110386
110406
110427
110448
110469
110489
110511
110531
110552
110572
110594
110614
110635
110656
110676
110697
110718
110739
110759
110781
110801
110822
110843
110864
110884
110905
110926
110947
110967
110989
111009
111030
111051
111072
111092
111114
111134
111155
111176
111197
111217
111238
111259
111280
111300
111322
111342
111363
111384
111405
111425
111447
111467
111488
111509
111529
111550
111570
111592
111612
111633
111654
111675
111695
111717
111737
111758
111779
111800
111820
111842
111862
111883
111903
111925
111945
111966
111987
112008
112028
112050
112070
112091
112112
112133
112153
112175
112195
112216
112236
112258
112278
112299
112320
112340
112361
112382
112403
112423
112445
112465
112486
112507
112528
112548
112569
112590
112611
112631
112653
112673
112694
112715
112736
112756
112778
112798
112819
112840
112861
112881
112902
112923
112944
112964
112986
113006
113027
113048
113069
113089
113111
113131
113152
113173
113193
113214
113234
113256
113276
113297
113318
113339
113359
113381
113401
113422
113443
113464
113484
113506
113526
113547
113567
113589
113609
113630
113651
113672
113692
113714
113734
113755
113776
113797
113817
113839
113859
113880
113900
113922
113942
113963
113984
114004
114025
114046
114067
114087
114109
114129
114150
114171
114192
114212
114233
114254
114275
114295
114317
114337
114358
114379
114400
114420
114442
114462
114483
114504
114525
114545
114566
114587
114608
114628
114650
114670
114691
114712
114733
114753
114775
114795
114816
114837
114857
114878
114898
114920
114940
114961
114982
115003
115023
115045
115065
115086
115107
115128
115148
115170
115190
115211
115231
115253
115273
115294
115315
115336
115356
115378
115398
115419
115440
115461
115481
115503
115523
115544
115564
115586
115606
115627
115648
115668
115689
115710
115731
115751
115773
115793
115814
115835
115856
115876
115897
115918
115939
115959
115981
116001
116022
116043
116064
116084
116106
116126
116147
116168
116189
116209
116230
116251
116272
116292
116314
116334
116355
116376
116397
116417
116439
116459
116480
116501
116521
116542
116562
116584
116604
116625
116646
116667
116687
116709
116729
116750
116771
116792
116812
116834
116854
116875
116895
116917
116937
116958
116979
117000
117020
117042
117062
117083
117104
117125
117145
117167
117187
117208
117228
117250
117270
117291
117312
117332
117353
117374
117395
117415
117437
117457
117478
117499
117520
117540
117561
117582
117603
117623
117645
117665
117686
117707
117728
117748
117770
117790
117811
117832
117853
117873
117894
117915
117936
117956
117978
117998
118019
118040
118061
118081
118103
118123
118144
118165
118185
118206
118226
118248
118268
118289
118310
118331
118351
118373
118393
118414
118435
118456
118476
118498
118518
118539
118559
118581
118601
118622
118643
118664
118684
118706
118726
118747
118768
118789
118809
118831
118851
118872
118892
118914
118934
118955
118976
118996
119017
119038
119059
119079
119101
119121
119142
119163
119184
119204
119225
119246
119267
119287
119309
119329
119350
119371
119392
119412
119434
119454
119475
119496
119517
119537
119558
119579
119600
119620
119642
119662
119683
119704
119725
119745
119767
119787
119808
119829
119849
119870
119890
119912
119932
119953
119974
119995
120015
120037
120057
120078
120099
120120
120140
120162
120182
120203
120223
120245
120265
120286
120307
120328
120348
120370
120390
120411
120432
120453
120473
120495
120515
120536
120556
120578
120598
120619
120640
120660
120681
120702
120723
120743
120765
120785
120806
120827
120848
120868
120889
120910
120931
120951
120973
120993
121014
121035
121056
121076
121098
121118
121139
121160
121181
121201
121222
121243
121264
121284
121306
121326
121347
121368
121389
121409
121431
121451
121472
121493
121513
121534
121554
121576
121596
121617
121638
121659
121679
121701
121721
121742
121763
121784
121804
121826
121846
121867
121887
121909
121929
121950
121971
121992
122012
122034
122054
122075
122096
122117
122137
122159
122179
122200
122220
122242
122262
122283
122304
122324
122345
122366
122387
122407
122429
122449
122470
122491
122512
122532
122553
122574
122595
122615
122637
122657
122678
122699
122720
122740
122762
122782
122803
122824
122845
122865
122886
122907
122928
122948
122970
122990
123011
123032
123053
123073
123095
123115
123136
123157
123177
123198
123218
123240
123260
123281
123302
123323
123343
123365
123385
123406
123427
123448
123468
123490
123510
123531
123551
123573
123593
123614
123635
123656
123676
123698
123718
123739
123760
123781
123801
123823
123843
123864
123884
123906
123926
123947
123968
123988
124009
124030
124051
124071
124093
124113
124134
124155
124176
124196
124217
124238
124259
124279
124301
124321
124342
124363
124384
124404
124426
124446
124467
124488
124509
124529
124550
124571
124592
124612
124634
124654
124675
124696
124717
124737
124759
124779
124800
124821
124841
124862
124882
124904
124924
124945
124966
124987
125007
125029
125049
125070
125091
125112
125132
125154
125174
125195
125215
125237
125257
125278
125299
125320
125340
125362
125382
125403
125424
125445
125465
125487
125507
125528
125548
125570
125590
125611
125632
125652
125673
125694
125715
125735
125757
125777
125798
125819
125840
125860
125881
125902
125923
125943
125965
125985
126006
126027
126048
126068
126090
126110
126131
126152
126173
126193
126214
126235
126256
126276
126298
126318
126339
126360
126381
126401
126423
126443
126464
126485
126505
126526
126546
126568
126588
126609
126630
126651
126671
126693
126713
126734
126755
126776
126796
126818
126838
126859
126879
126901
126921
126942
126963
126984
127004
127026
127046
127067
127088
127109
127129
127151
127171
127192
127212
127234
127254
127275
127296
127316
127337
127358
127379
127399
127421
127441
127462
127483
127504
127524
127545
127566
127587
127607
127629
127649
127670
127691
127712
127732
127754
127774
127795
127816
127837
127857
127878
127899
127920
127940
127962
127982
128003
128024
128045
128065
128087
128107
128128
128149
128169
128190
128210
128232
128252
128273
128294
128315
128335
128357
128377
128398
128419
128440
128460
128482
128502
128523
128543
128565
128585
128606
128627
128648
128668
128690
128710
128731
128752
128773
128793
128815
128835
128856
128876
128898
128918
128939
128960
128980
129001
129022
129043
129063
129085
129105
129126
129147
129168
129188
129209
129230
129251
129271
129293
129313
129334
129355
129376
129396
129418
129438
129459
129480
129501
129521
129542
129563
129584
129604
129626
129646
129667
129688
129709
129729
129751
129771
129792
129813
129833
129854
129874
129896
129916
129937
129958
129979
129999
130021
130041
130062
130083
130104
130124
130146
130166
130187
130207
130229
130249
130270
130291
130312
130332
130354
130374
130395
130416
130437
130457
130479
130499
130520
130540
130562
130582
130603
130624
130644
130665
130686
130707
130727
130749
130769
130790
130811
130832
130852
130873
130894
130915
130935
130957
130977
130998
131019
131040
131060
131082
131102
131123
131144
131165
131185
131206
131227
131248
131268
131290
131310
131331
131352
131373
131393
131415
131435
131456
131477
131497
131518
131538
131560
131580
131601
131622
131643
131663
131685
131705
131726
131747
131768
131788
131810
131830
131851
131871
131893
131913
131934
131955
131976
131996
132018
132038
132059
132080
132101
132121
132143
132163
132184
132204
132226
132246
132267
132288
132308
132329
132350
132371
132391
132413
132433
132454
132475
132496
132516
132537
132558
132579
132599
132621
132641
132662
132683
132704
132724
132746
132766
132787
132808
132829
132849
132870
132891
132912
132932
132954
132974
132995
133016
133037
133057
133079
133099
133120
133141
133161
133182
133202
133224
133244
133265
133286
133307
133327
133349
133369
133390
133411
133432
133452
133474
133494
133515
133535
133557
133577
133598
133619
133640
133660
133682
133702
133723
133744
133765
133785
133807
133827
133848
133868
133890
133910
133931
133952
133972
133993
134014
134035
134055
134077
134097
134118
134139
134160
134180
134201
134222
134243
134263
134285
134305
134326
134347
134368
134388
134410
134430
134451
134472
134493
134513
134534
134555
134576
134596
134618
134638
134659
134680
134701
134721
134743
134763
134784
134805
134825
134846
134866
134888
134908
134929
134950
134971
134991
135013
135033
135054
135075
135096
135116
135138
135158
135179
135199
135221
135241
135262
135283
135304
135324
135346
135366
135387
135408
135429
135449
135471
135491
135512
135532
135554
135574
135595
135616
135636
135657
135678
135699
135719
135741
135761
135782
135803
135824
135844
135865
135886
135907
135927
135949
135969
135990
136011
136032
136052
136074
136094
136115
136136
136157
136177
136198
136219
136240
