1.80
2
1
.80
2
1.80
2

1.80
2
1.80

2
1.80
2
1.8
0
2
1.80
2
1
.80
3
2.70
3

2.70
4
4.50

5
4.50
5
5.4
0
7
6.30
7
6
.30
9
8.10
9

9.00
11
9.90

12
11.70
13
12.
60
15
14.40

17
16.20
19
1
7.10
21
19.80

23
21.60
25

23.40
27
26.10

30
27.90
33

29.70
35
32.
40
38
35.10
4
1
36.90
43
40
.50
47
42.30

49
45.90
53

48.60
57
51.30

59
54.90
63

58.50
67
61.20

71
63.90
74
6
7.50
78
71.10

82
74.70
86

78.30
90
81.9
0
95
86.40
99

90.90
103
94
.50
109
99.90

113
103.50
1
19
108.90
125

114.30
131
11
9.70
137
125.
10
143
130.50

149
135.90
15
5
141.30
161

148.50
169
153.90

175
160.20
1
83
166.50
190

173.70
197
18
0.90
205
188.
10
214
195.30

223
204.30
23
3
213.30
243

222.30
253
23
2.20
265
243.0
0
278
254.70

293
268.20
307

281.70
323
295.
20
337
308
.70
353
323.10

369
337.50
385

351.90
401
36
6.30
417
380.7
0
433
395.10

450
411.30
467

426.60
485

441.90
502
458
.10
519
474.30

538
490.50
5
57
506.70
575

524.70
594
5
40.90
613
558.
90
633
576.90
653

594.90
6
75
614.70
697

634.50
719
656.10

743
675.90
7
65
697.50
789

718.20
813
7
39.80
837
761.
40
861
783.90

886
805.50
9
11
828.90
937

852.30
963
87
5.70
989
900.0
0
1017
926.10

1046
953.10

1077
981.90
11
09
1010.70
1145
1
043.10
118
1
1075.50
1217
11
09.70
1255
114
2.10
1292
1176
.30
1331
1212
.30
1370
1247.
40
1410
1284.3
0
1451
1320.30

1493
1359.90

1537
1398.60

1581
1438.20
1625

1478.70
1
671
1521.00
1
719
1564.20
17
67
1608.30
181
7
1653.30
1867
1
698.30
1918
17
45.10
1970
179
1.90
2023
1840
.50
2077
1889.
10
2132
1939.
50
2188
1989.9
0
2245
2041.20

2303
2094.30

2362
2147.40

2422
2202.30
2483

2258.10
2
545
2313.90
26
09
2371.50
26
74
2430.90
2739
2
490.30
2807

2550.60
2875
26
12.70
2945
267
5.70
3015
2740
.50
3088
2805.
30
3161
2871.
90
3237
2940.3
0
3313
3009.60

3391
3080.70

3471
3152.70

3551
3226.50

3635
3300.30
3
719
3377.70
38
05
3455.10
38
92
3534.30
3981
3
616.20
4073
36
99.00
4166
378
2.70
4261
387
0.00
4359
3958
.20
4457
4048.
20
4559
4140.0
0
4662
4233.6
0
4767
4329.90

4875
4427.10

4985
4527.00

5098
4628.70

5213
4734.00
5331

4841.10
54
51
4950.90
5575
5
062.50
5701
5
175.90
5829
52
92.90
5961
541
1.70
6093
5532
.30
6226
5651
.10
6360
5771.
70
6494
5893.2
0
6628
6013.80

6763
6135.30

6897
6255.90

7031
6376.50

7166
6497.10
7301

6619.50
7435

6740.10
7569

6860.70
770
5
6983.10
7839
71
03.70
7973
72
24.30
8109
734
6.70
8243
7467
.30
8378
7588.
80
8513
7710.
30
8647
7830.9
0
8782
7953.30

8917
8073.90

9051
8194.50

9187
8316.90

9321
8437.50
9
455
8559.00
9591

8680.50
97
25
8801.10
9860
8
923.50
9995
90
44.10
10130
91
73.70
10273
9
303.30
10417
9
431.10
10560
9
560.70
10703
9
689.40
10846

9818.10
10989

9945.90
11133

10075.50
11285

10212.30
1143
7
10349.10
115
89
10487.70
11741

10624.50
1
1894
10761.30
120
47
10898.10
12
199
11035.80
1
2352
11173.50

12505
11310.30

12657
11448.0
0
12809
11585.
70
12963
11722
.50
13115
118
60.20
13267
11
997.90
13420
1
2134.70
13573

12273.30
13726

12410.10
13879
1
2546.90
14031

12685.50
14185

12822.30
1433
7
12960.90
144
90
13097.70
14
643
13235.40

14795
13373.10

14949
13509.90

15101
13648.5
0
15255
13785
.30
15407
1392
3.90
15561
140
60.70
15713
14
199.30
15866
1433
6.10
16019

14473.80
16172
14
611.50
16325
1
4749.20
16478

14886.90
16631

15024.60
1678
3
15162.30
169
37
15299.10
1
7089
15437.70

17243
15575.40

17395
15713.10

17549
15850.
80
17702
15988
.50
17855
1612
7.10
18009
162
63.90
18161
1
6402.50
18315
1653
9.30
18467

16677.90
18621
16
815.60
18774

16953.30
18927

17091.00
19081

17228.70
1923
3
17367.30
19
387
17504.10
1
9540
17642.70

19693
17780.40

19846
17918.1
0
19999
18055.80

20152
18193
.50
20305
18332.10

20459
18468.
90
20611
18607
.50
20765
1874
4.30
20918
188
82.90
21071
1
9020.60
21224

19158.30
21377

19296.00
21531

19433.70
216
83
19572.30
21
837
19709.10
2
1989
19847.70

22143
19984.50

22296
20123.10
2
2449
20261.
70
22602
20398.50

22755
20537.1
0
22909
20673.
90
23061
20812
.50
23215
2095
0.20
23369
21
087.90
23521
2
1226.50
23675

21364.20
23827

21501.90
2398
1
21640.50
241
35
21777.30
24
287
21915.90
2
4441
22054.50

24594
22191.30
24
747
22329.90
2
4901
22467.60

25054
22605.30

25207
22743.9
0
25361
22881.
60
25515
23019
.30
25667
231
57.90
25821
23
296.50
25975
2
3433.30
26127

23571.90
26281

23710.50
2643
5
23848.20
26587

23985.90
26741

24124.50
2689
5
24262.20
270
48
24399.90
27
201
24538.50

27355
24676.20

27509
24814.80

27662
24952.5
0
27815
25091
.10
27969
2522
9.70
28123
253
66.50
28276
25
505.10
28429
2
5643.70
28583
257
81.40
28737

25919.10
28890
2
6057.70
29043

26196.30
29197

26334.90
2935
1
26471.70
295
04
26610.30
2
9657
26748.90

29811
26887.50

29965
27025.20

30119
27162.
90
30271
27301
.50
30425
2744
0.10
30579
275
77.80
30732
27715
.50
30885
2785
4.10
31039
279
91.80
31193
28
129.50
31346

28268.10
31499

28406.70
31653

28545.30
3180
7
28683.00
31
961
28821.60
3
2114
28959.30

32267
29097.90

32421
29236.5
0
32575
29375.10

32729
29513
.70
32883
29651.40

33037
29790.
00
33190
2
9927.70
33344
3006
6.30
33497
302
04.90
33651
3
0343.50
33805

30482.10
33959

30619.80
34113

30758.40
342
66
30896.10
34
420
31034.70
3
4573
31173.30

34727
31311.90

34881
31450.5
0
35035
31589.10

35189
31726.80

35343
31864.5
0
35497
32003.
10
35650
32141
.70
35803
3228
0.30
35957
32
418.90
36111
3
2557.50
36265

32696.10
36419

32833.80
3657
3
32971.50
367
26
33110.10
36
879
33248.70
3
7033
33387.30
371
87
33525.90
37
341
33664.5
0
37495
33803.10

37649
33941.70

37803
34079.4
0
37957
34218.
90
38111
34356
.60
38265
344
95.20
38419
34
632.90
38572
3
4771.50
38726

34910.10
38880

35048.70
3903
3
35187.30
391
88
35325.90
39341

35464.50
3949
5
35603.10
396
49
35741.70
39
803
35880.30
3
9957
36018.90

40111
36157.50

40265
36296.1
0
40419
36434.
70
40573
3657
3.30
40728
367
11.90
40882
36
850.50
41035
3
6989.10
41190
371
27.70
41344

37266.30
41498
3
7404.90
416
52
37543.50
41806

37682.10
4196
1
37820.70
421
15
37959.30
4
2269
38098.80

42423
38237.40

42577
38376.00

42731
38514.
60
42885
38654
.10
43039
3879
2.70
43193
389
31.30
43347
3
9069.90
43501
3920
8.50
43655
393
47.10
43809
39
485.70
43963

39624.30
44118

39762.90
44272

39901.50
4442
6
40041.00
44
581
40179.60
4
4735
40319.10

44889
40457.70

45043
40596.3
0
45197
40734.90

45351
40873
.50
45506
41012.10

45660
41150.
70
45814
41290
.20
45969
4142
9.70
46123
415
67.40
46277
4
1706.90
46431

41845.50
46585

41984.10
46740

42122.70
468
94
42261.30
47
049
42400.80
4
7203
42539.40

47357
42678.90

47511
42817.50
4
7665
42956.10

47819
43094.70

47974
43233.3
0
48129
43371.
90
48283
43511
.40
48437
4365
0.90
48591
43
789.50
48745
4
3928.10
48899

44066.70
49053

44205.30
4920
9
44344.80
49363

44483.40
49
517
44622.90
4
9671
44761.50

49825
44900.10
49
979
45038.70
5
0134
45177.30

50289
45316.80

50443
45455.4
0
50597
45594.
90
50751
45733
.50
50905
458
72.10
51059
46
010.70
51213
4
6149.30
51368

46287.90
51523

46427.40
51677
4
6566.00
518
31
46705.50
51985

46844.10
5213
9
46981.80
522
93
47120.40
52
446
47258.10
5
2599
47396.70

52753
47535.30

52907
47673.0
0
53061
47811.
60
53215
4795
0.20
53368
480
87.90
53522
48226.
50
53676
4
8365.10
53829

48503.70
53983
48
642.30
54137
4
8780.90
54291

48919.50
54445

49058.10
5459
9
49196.70
547
53
49335.30
5
4907
49473.90

55061
49612.50

55216
49751.10

55370
49889.
70
55525
50028
.30
55678
5016
7.80
55833
50306.4
0
55987
5
0445.00
56141
5058
4.50
56295
507
23.10
56449
50
861.70
56603

51000.30
56757

51138.90
56911

51277.50
5706
5
51416.10
57
220
51554.70
5
7374
51693.30
5752
9
51832.80

57683
51972.3
0
57837
52110.
90
57991
52249
.50
58145
52388.10

58299
52526.
70
58454
52665
.30
58608
5280
3.90
58763
529
43.40
58917
5
3082.00
59071

53221.50
59225

53360.10
59379

53498.70
595
33
53637.30
59
687
53775.90
5
9841
53914.50
5999
6
54053.10

60150
54191.7
0
60305
54331.20

60459
54469.80

60613
54609.3
0
60767
54747.
90
60921
54886
.50
61075
5502
5.10
61229
55
161.90
61381
5
5300.50
61535

55438.20
61688

55575.90
6184
1
55713.60
619
93
55851.30
62
147
55988.10
62299

56126.70

62453
56263.50
62
605
56402.10
6
2759
56538.90

62911
56676.60

63064
56814.3
0
63217
56952.
90
63370
57089
.70
63523
572
28.30
63677
57
365.10
63829
5
7503.70
63983

57640.50
64135

57779.10
64289
5
7916.80
64442

58054.50
64
595
58193.10
6474
9
58329.90
649
01
58468.50
65
055
58606.20
6
5207
58743.90

65361
58882.50

65515
59019.3
0
65667
59157.
90
65821
5929
6.50
65974
594
33.30
66127
59571.
90
66281
5
9709.60
66434

59847.30
66587
59
985.90
66741
6
0122.70
66894

60261.30
67047

60399.90
6720
1
60536.70
673
53
60675.30
6
7507
60813.90

67661
60950.70

67813
61089.30

67967
61227.
90
68121
61364
.70
68274
6150
3.30
68427
616
41.90
68581
61778
.70
68734
6191
7.30
68887
620
55.90
69041
62
193.60
69194

62331.30
69347

62469.90
69501

62608.50
6965
5
62746.20
69
807
62883.90
6
9961
63022.50

