0.00
0.00
0.00
0.00
0.00
0.00
0.00
0.00
0.00
0.00
0.00
0.00
0.00
0.00
0.00
0.00
0.00
0.00
0.00
0.00
0.00
0.00
0.00
0.00
0.00
0.00
0.00
0.00
0.00
0.00
0.00
0.00
0.00
0.00
0.00
0.00
0.00
0.00
0.00
0.00
0.00
0.00
0.00
0.00
0.00
0.00
0.00
0.00
0.00
0.00
0.00
0.00
0.00
0.00
0.00
0.00
0.00
0.00
0.00
0.00
0.00
0.00
0.00
0.00
0.00
0.00
0.00
0.00
0.00
0.00
0.00
0.00
0.00
0.00
0.00
0.00
0.00
0.00
0.00
0.00
0.00
0.00
0.00
0.00
0.00
0.00
0.00
0.00
0.00
0.00
0.00
0.00
0.00
0.00
0.00
0.00
0.00
0.00
0.00
0.00
0.00
0.00
0.00
0.00
0.00
0.00
0.00
0.00
0.00
0.00
0.00
0.00
0.00
0.00
0.00
0.00
0.00
0.00
0.00
0.00
0.00
0.00
0.00
0.00
0.00
0.00
0.00
0.00
0.00
0.00
0.00
0.00
0.00
0.00
0.00
0.00
0.00
0.00
0.00
0.00
0.00
0.00
0.00
0.00
0.00
0.00
0.00
0.00
0.00
0.00
0.00
0.00
0.00
0.00
0.00
0.00
0.00
0.00
0.00
0.00
0.00
0.00
0.00
0.00
0.00
0.00
0.00
0.00
0.00
0.00
0.00
0.00
0.00
0.00
0.00
0.00
0.00
0.00
0.00
0.00
0.00
0.00
0.00
0.00
0.00
0.00
0.00
0.00
0.00
0.00
0.00
0.00
0.00
0.00
0.00
0.00
0.00
0.00
0.00
0.00
0.00
0.00
0.00
0.00
0.00
0.00
0.00
0.00
0.00
0.00
0.00
0.00
0.00
0.00
0.00
0.00
0.00
0.00
0.00
0.00
0.00
0.00
0.00
0.00
0.00
0.00
0.00
0.00
0.00
0.00
0.00
0.00
0.00
0.00
0.00
0.00
0.00
0.00
0.00
0.00
0.00
0.00
0.00
0.00
0.00
0.00
0.00
0.00
0.00
0.00
0.00
0.00
0.00
0.00
0.00
0.00
0.00
0.00
0.00
0.00
0.00
0.00
0.00
-1.80
-17.10
-45.90
-88.20
-144.90
-218.70
-309.60
-415.80
-535.50
-670.50
-820.80
-983.70
-1161.90
-1365.30
-1584.90
-1818.90
-2067.30
-2331.90
-2610.00
-2902.50
-3210.30
-3530.70
-3866.40
-4216.50
-4579.20
-4957.20
-5348.70
-5753.70
-6172.20
-6605.10
-7048.80
-7507.80
-7980.30
-8464.50
-8962.20
-9474.30
-9996.30
-10534.50
-11117.70
-11715.30
-12329.10
-12955.50
-13596.30
-14251.50
-14921.10
-15603.30
-16299.90
-17010.00
-17733.60
-18468.90
-19217.70
-19970.10
-20726.10
-21483.90
-22243.50
-23003.10
-23762.70
-24522.30
-25282.80
-26042.40
-26802.90
-27562.50
-28322.10
-29081.70
-29843.10
-30602.70
-31364.10
-32123.70
-32885.10
-33644.70
-34404.30
-35164.80
-35925.30
-36684.90
-37446.30
-38206.80
-38967.30
-39728.70
-40488.30
-41248.80
-42009.30
-42770.70
-43530.30
-44291.70
-45053.10
-45813.60
-46574.10
-47335.50
-48095.10
-48856.50
-49617.90
-50378.40
-51138.90
-51900.30
-52661.70
-53423.10
-54183.60
-54944.10
-55705.50
-56466.90
-57228.30
-57989.70
-58751.10
-59512.50
-60273.90
-61033.50
-61794.90
-62556.30
-63319.50
-64080.00
-64842.30
-65602.80
-66363.30
-67124.70
-67886.10
-68647.50
-69408.00
-70170.30
-70930.80
-71693.10
-72453.60
-73214.10
-73975.50
-74736.90
-75498.30
-76259.70
-77021.10
-77784.30
-78544.80
-79305.30
-80066.70
-80828.10
-81589.50
-82350.90
-83112.30
-83873.70
-84636.00
-85396.50
-86158.80
-86919.30
-87680.70
-88442.10
-89203.50
-89964.90
-90726.30
-91489.50
-92250.00
-93010.50
-93773.70
-94533.30
-95294.70
-96056.10
-96818.40
-97580.70
-98342.10
-99103.50
-99864.90
-100626.30
-101432.70
-102239.10
-103045.50
-103851.90
-104658.30
-105464.70
-106271.10
-107077.50
-107883.90
-108690.30
-109496.70
-110303.10
-111109.50
-111915.90
-112722.30
-113528.70
-114335.10
-115141.50
-115947.90
-116755.20
-117560.70
-118367.10
-119173.50
-119980.80
-120787.20
-121592.70
-122400.90
-123207.30
-124013.70
-124820.10
-125626.50
-126432.90
-127239.30
-128045.70
-128853.90
-129660.30
-130466.70
-131273.09
-132079.50
-132887.70
-133694.09
-134500.50
-135306.89
-136113.29
-136921.50
-137727.89
-138534.29
-139340.70
-140148.00
-140953.50
-141760.79
-142568.09
-143374.50
-144180.89
-144987.29
-145795.50
-146601.89
-147408.29
-148214.70
-149021.09
-149829.29
-150635.70
-151442.09
-152248.50
-153054.89
-153861.29
-154667.70
-155474.09
-156280.50
-157086.89
-157893.29
-158699.70
-159506.09
-160312.50
-161118.89
-161925.29
-162733.50
-163539.89
