-0.90
-1.80
-1.80
-1.80
-2.70
-3.60
-3.60
-5.40
-5.40
-7.20
-7.20
-10.80
-23.40
-37.80
-59.40
-84.60
-113.40
-150.30
-192.60
-241.20
-294.30
-352.80
-415.80
-485.10
-558.00
-637.20
-721.80
-810.00
-903.60
-1002.60
-1117.80
-1238.40
-1364.40
-1497.60
-1634.40
-1778.40
-1927.80
-2082.60
-2243.70
-2405.70
-2564.10
-2718.00
-2869.20
-3016.80
-3160.80
-3301.20
-3436.20
-3569.40
-3699.00
-3825.00
-3947.40
-4065.30
-4179.60
-4291.20
-4399.20
-4503.60
-4606.20
-4703.40
-4797.90
-4888.80
-4977.00
-5061.60
-5142.60
-5220.00
-5294.70
-5365.80
-5434.20
-5499.00
-5562.00
-5619.60
-5675.40
-5727.60
-5778.00
-5823.90
-5868.00
-5907.60
-5943.60
-5977.80
-6010.20
-6039.00
-6065.10
-6086.70
-6105.60
-6121.80
-6134.40
-6145.20
-6150.60
-6154.20
-6156.00
-6156.00
-6156.00
-6156.00
-6156.00
-6156.00
-6156.00
-6156.00
-6156.00
-6156.00
-6156.00
-6156.00
-6156.00
-6156.00
-6156.00
-6156.00
-6156.00
-6156.00
-6156.00
-6156.00
-6156.00
-6156.00
-6156.00
-6156.00
-6156.00
-6156.00
-6156.00
-6156.00
-6156.00
-6156.00
-6156.00
-6156.00
-6156.00
-6156.00
-6156.00
-6156.00
-6156.00
-6156.00
-6156.00
-6156.00
-6156.00
-6156.00
-6156.00
-6156.00
-6156.00
-6156.00
-6156.00
-6156.00
-6156.00
-6156.00
-6157.80
-6166.80
-6184.80
-6210.00
-6240.60
-6276.60
-6319.80
-6370.20
-6426.00
-6489.00
-6558.30
-6633.90
-6715.80
-6804.00
-6898.50
-6998.40
-7105.50
-7218.00
-7335.90
-7460.10
-7590.60
-7725.60
-7866.00
-8013.60
-8166.60
-8324.10
-8487.00
-8656.20
-8830.80
-9009.00
-9181.80
-9351.00
-9517.50
-9679.50
-9837.00
-9991.80
-10143.00
-10305.00
-10461.60
-10614.60
-10762.20
-10906.20
-11044.80
-11179.80
-11311.20
-11437.20
-11559.60
-11678.40
-11791.80
-11901.60
-12007.80
-12108.60
-12205.80
-12299.40
-12389.40
-12474.00
-12556.80
-12634.20
-12708.00
-12776.40
-12843.00
-12906.00
-12963.60
-13019.40
-13069.80
-13116.60
-13159.80
-13201.20
-13239.00
-13271.40
-13300.20
-13326.30
-13348.80
-13366.80
-13383.00
-13396.50
-13408.20
-13414.50
-13415.40
-13410.90
-13407.30
-13406.40
-13406.40
-13406.40
-13406.40
-13406.40
-13406.40
-13406.40
-13406.40
-13406.40
-13406.40
-13406.40
-13406.40
-13406.40
-13406.40
-13406.40
-13406.40
-13406.40
-13406.40
-13406.40
-13406.40
-13406.40
-13406.40
-13406.40
-13406.40
-13406.40
-13406.40
-13406.40
-13406.40
-13406.40
-13406.40
-13406.40
-13406.40
-13406.40
-13406.40
-13406.40
-13406.40
-13406.40
-13406.40
-13406.40
-13406.40
-13406.40
-13406.40
-13406.40
-13406.40
-13406.40
-13406.40
-13406.40
-13406.40
-13406.40
-13406.40
-13406.40
-13406.40
-13406.40
-13406.40
-13406.40
-13406.40
-13406.40
-13406.40
-13406.40
-13406.40
-13406.40
-13406.40
-13406.40
-13406.40
-13406.40
-13406.40
-13406.40
-13406.40
-13406.40
-13406.40
-13406.40
-13406.40
-13406.40
-13406.40
-13406.40
-13406.40
-13406.40
-13406.40
-13406.40
-13406.40
-13406.40
-13406.40
-13406.40
-13406.40
-13406.40
-13406.40
-13406.40
-13406.40
-13406.40
-13406.40
-13406.40
-13406.40
-13406.40
-13406.40
-13406.40
-13406.40
-13406.40
-13406.40
-13406.40
-13406.40
-13406.40
-13406.40
-13406.40
-13406.40
-13406.40
-13406.40
-13406.40
-13406.40
-13406.40
-13406.40
-13406.40
-13406.40
-13406.40
-13406
.40
-13406.40
-13406.40
-13406.40
-13406.40
-13406.40
-13406.40
-13406.40
-13406.40
-13406.40
-13406.40
-13406.40
-13406.40
-13406.40
-13406.40
-13406.40
-13406.40
-13406.40
-13406.40
-13406.40
-13406.40
-13406.40
-13406.40
-13406.40
-13406.40
-13406.40
-13406.40
-13406.40
-13406.40
-13406.40
-13406.40
-13406.40
-13406.40
-13406.40
-13406.40
-13406.40
-13406.40
-13406.40
-13406.40
-13406.40
-13406.40
-13406.40
-13406.40
-13406.40
-13406.40
-13406.40
-13406.40
-13406.40
-13406.40
-13406.40
-13406.40
-13406.40
-13406.40
-13406.40
-13406.40
-13406.40
-13406.40
-13406.40
-13406.40
-13406.40
-13406.40
-13406.40
-13406.40
-13406.40
-13406.40
-13406.40
-13406.40
-13406.40
-13406.40
-13406.40
-13406.40
-13406.40
-13406.40
-13406.40
-13406.40
-13406.40
-13406.40
-13406.40
-13406.40
-13406.40
-13406.40
-13406.40
-13406.40
-13406.40
-13406.40
-13406.40
-13406.40
-13406.40
-13406.40
-13406.40
-13406.40
-13406.40
-13406.40
-13406.40
-13406.40
-13406.40
-13406.40
-13406.40
-13406.40
-13406.40
-13406.40
-13406.40
-13406.40
-13406.40
-13406.40
-13406.40
-13406.40
-13406.40
-13406.40
-13406.40
-13406.40
-13406.40
-13406.40
-13406.40
-13406.40
-13406.40
-13406.40
-13406.40
-13406.40
-13406.40
-13406.40
-13406.40
-13406.40
-13406.40
-13406.40
-13406.40
-13406.40
-13406.40
-13406.40
-13406.40
-13406.40
-13406.40
-13406.40
-13406.40
-13406.40
-13406.40
-13406.40
-13406.40
-13406.40
-13406.40
-13406.40
-13406.40
-13406.40
-13406.40
-13406.40
-13406.40
-13406.40
-13406.40
-13406.40
-13406.40
-13406.40
-13406.40
-13406.40
-13406.40
-13406.40
-13406.40
-13406.40
-13406.40
-13406.40
-13406.40
-13406.40
-13406.40
-13406.40
-13406.40
-13406.40
-13406.40
-13406.40
-13406.40
-13406.40
-13406.40
-13406.40
-13406.40
-13406.40
-13406.40
-13406.40
-13406.40
-13406.40
-13406.40
-13406.40
-13406.40
-13406.40
-13406.40
-13406.40
-13406.40
-13406.40
-13406.40
-13406.40
-13406.40
-13406.40
-13406.40
-13406.40
-13406.40
-13406.40
-13406.40
-13406.40
-13406.40
-13406.40
-13406.40
-13406.40
-13406.40
-13406.40
-13406.40
-13406.40
-13406.40
-13406.40
-13406.40
-13406.40
-13406.40
-13406.40
-13406.40
-13406.40
-13406.40
-13406.40
-13406.40
-13406.40
-13406.40
-13406.40
-13406.40
-13406.40
-13406.40
-13406.40
-13406.40
-13406.40
-13406.40
-13406.40
-13406.40
-13406.40
-13406.40
-13406.40
-13406.40
-13406.40
-13406.40
-13406.40
-13406.40
-13406.40
-13406.40
-13406.40
-13406.40
-13406.40
-13406.40
-13406.40
-13406.40
-13406.40
-13406.40
-13406.40
-13406.40
-13406.40
-13406.40
-13406.40
-13406.40
-13406.40
-13406.40
-13406.40
-13406.40
-13406.40
-13406.40
-13406.40
-13406.40
-13406.40
-13406.40
-13406.40
-13406.40
-13406.40
-13406.40
-13406.40
-13406.40
-13406.40
-13406.40
-13406.40
-13406.40
-13406.40
-13447.80
-13552.20
-13721.40
-13953.60
-14250.60
-14607.00
-15013.80
-15451.20
-15903.00
-16367.40
-16837.20
-17307.00
-17782.20
-18261.00
-18739.80
-19220.40
-19701.00
-20181.60
-20662.20
-21144.60
-21623.40
-22098.60
-22566.60
-23024.70
-23481.00
-23931.00
-24375.60
-24814.80
-25246.80
-25673.40
-26094.60
-26508.60
-26919.00
-27322.20
-27720.00
-28112.40
-28499.40
-28879.20
-29255.40
-29624.40
-29989.80
-30348.00
-30702.60
-31050.00
-31392.90
-31730.40
-32061.60
-32388.30
-32709.60
-33024.60
-33336.00
-33640.20
-33940.80
-34236.00
-34525.80
-34810.20
-35089.20
-35362.80
-35631.00
-35895.60
-36154.80
-36408.60
-36657.00
-36900.00
-37139.40
-37373.40
-37602.00
-37827.00
-38044.80
-38259.00
-38469.60
-38673.00
-38873.70
-39069.00
-39259.80
-39445.20
-39625.20
-39801.60
-39973.50
-40140.00
-40302.90
-40460.40
-40613.40
-40762.80
-40906.80
-41045.40
-41180.40
-41311.80
-41437.80
-41560.20
-41677.20
-41790.60
-41898.60
-42003.00
-42103.80
-42199.20
-42291.00
-42379.20
-42462.00
-42541.20
-42616.80
-42687.00
-42755.40
-42818.40
-42877.80
-42933.60
-42984.00
-43032.60
-43075.80
-43117.20
-43155.00
-43187.40
-43216.20
-43241.40
-43264.80
-43284.60
-43299.00
-43309.80
-43318.80
-43321.50
-43319.70
-43317.00
-43316.10
-43316.10
-43316.10
-43316.10
-43316.10
-43316.10
-43316.10
-43316.10
-43316.10
-43316.10
-43316.10
-43316.10
-43316.10
-43316.10
-43316.10
-43316.10
-43316.10
-43316.10
-43316.10
-43316.10
-43316.10
-43316.10
-43316.10
-43316.10
-43316.10
-43316.10
-43316.10
-43316.10
-43316.10
-43316.10
-43316.10
-43316.10
-43316.10
-43316.10
-43316.10
-43316.10
-43316.10
-43316.10
-43316.10
-43316.10
-43316.10
-43316.10
-43316.10
-43316.10
-43316.10
-43316.10
-43316.10
-43316.10
-43316.10
-43316.10
-43316.10
-43316.10
-43316.10
-43316.10
-43316.10
-43316.10
-43316.10
-43316.10
-43316.10
-43316.10
-43316.10
-43316.10
-43316.10
-43316.10
-43316.10
-43316.10
-43316.10
-43316.10
-43316.10
-43316.10
-43316.10
-43316.10
-43316.10
-43316.10
-43316.10
-43316.10
-43316.10
-43316.10
-43316.10
-43316.10
-43316.10
-43316.10
-43316.10
-43316.10
-43316.10
-43316.10
-43316.10
-43316.10
-43316.10
-43316.10
-43316.10
-43316.10
-43316.10
-43316.10
-43316.10
-43316.10
-43316.10
-43316.10
-43316.10
-43316.10
-43316.10
-43316.10
-43316.10
-43316.10
-43316.10
-43316.10
-43316.10
-43316.10
-43316.10
-43316.10
-43316.10
-43316.10
-43316.10
-43316.10
-43316.10
-43316.10
-43316.10
-43316.10
-43316.10
-43316.10
-43316.10
-43316.10
-43316.10
-43316.10
-43316.10
-43316.10
-43316.10
-43316.10
-43316.10
-43316.10
-43316.10
-43316.10
-43316.10
-43316.10
-43316.10
-43316.10
-43316.10
-43316.10
-43316.10
-43316.10
-43316.10
-43316.10
-43316.10
-43316.10
-43316.10
-43316.10
-43316.10
-43316.10
-43316.10
-43316.10
-43316.10
-43316.10
-43316.10
-43316.10
-43316.10
-43316.10
-43316.10
-43316.10
-43316.10
-43316.10
-43316.10
-43316.10
-43316.10
-43316.10
-43316.10
-43316.10
-43316.10
-43316.10
-43316.10
-43316.10
-43316.10
-43316.10
-43316.10
-43316.10
-43316.10
-43316.10
-43316.10
-43316.10
-43316.10
-43316.10
-43316.10
-43316.10
-43316.10
-43316.10
-43316.10
-43316.10
-43316.10
-43316.10
-43316.10
-43316.10
-43316.10
-43316.10
-43316.10
-43316.10
-43316.10
-43316.10
-43316.10
-43316.10
-43316.10
-43316.10
-43316.10
-43316.10
-43316.10
-43316.10
-43316.10
-43316.10
-43316.10
-43316.10
-43316.10
-43316.10
-43316.10
-43316.10
-43316.10
-43316.10
-43316.10
-43316.10
-43316.10
-43316.10
-43316.10
-43316.10
-43316.10
-43316.10
-43316.10
-43316.10
-43316.10
-43316.10
-43316.10
-43316.10
-43316.10
-43316.10
-43316.10
-43316.10
-43316.10
-43316.10
-43316.10
-43316.10
-43316.10
-43316.10
-43316.10
-43316.10
-43316.10
-43316.10
-43316.10
-43316.10
-43316.10
-43316.10
-43316.10
-43316.10
-43316.10
-43316.10
-43316.10
-43316.10
-43316.10
-43316.10
-43316.10
-43316.10
-43316.10
-43316.10
-43316.10
-43316.10
-43316.10
-43316.10
-43316.10
-43316.10
-43316.10
-43316.10
-43316.10
-43316.10
-43316.10
-43316.10
-43316.10
-43316.10
-43316.10
-43316.10
-43316.10
-43316.10
-43316.10
-43316.10
-43316.10
-43316.10
-43316.10
-43316.10
-43316.10
-43316.10
-43316.10
-43316.10
-43316.10
-43316.10
-43316.10
-43316.10
-43316.10
-43316.10
-43316.10
-43316.10
-43316.10
-43316.10
-43316.10
-43316.10
-43316.10
-43316.10
-43316.10
-43316.10
-43316.10
-43316.10
-43316.10
-43316.10
-43316.10
-43316.10
-43316.10
-43316.10
-43316.10
-43316.10
-43316.10
-43316.10
-43316.10
-43316.10
-43316.10
-43316.10
-43316.10
-43316.10
-43316.10
-43316.10
-43316.10
-43316.10
-43316.10
-43316.10
-43316.10
-43316.10
-43316.10
-43316.10
-43316.10
-43316.10
-43316.10
-43316.10
-43316.10
-43316.10
-43316.10
-43316.10
-43316.10
-43316.10
-43316.10
-43316.10
-43316.10
-43316.10
-43316.10
-43316.10
-43316.10
-43316.10
-43316.10
-43316.10
-43316.10
-43316.10
-43316.10
-43316.10
-43316.10
-43316.10
-43316.10
-43316.10
-43316.10
-43316.10
-43316.10
-43316.10
-43316.10
-43316.10
-43316.10
-43316.10
-43316.10
-43316.10
-43316.10
-43316.10
-43316.10
-43316.10
-43316.10
-43316.10
-43316.10
-43316.10
-43316.10
-43316.10
-43316.10
-43316.10
-43316.10
-43316.10
-43316.10
-43316.10
-43316.10
-43316.10
-43316.10
-43316.10
-43316.10
-43316.10
-43316.10
-43316.10
-43316.10
-43316.10
-43316.10
-43316.10
-43316.10
-43316.10
-43316.10
-43316.10
-43316.10
-43316.10
-43316.10
-43316.10
-43316.10
-43316.10
-43316.10
-43316.10
-43316.10
-43316.10
-43316.10
-43316.10
-43316.10
-43316.10
-43316.10
-43316.10
-43316.10
-43316.10
-43316.10
-43316.10
-43316.10
-43316.10
-43316.10
-43316.10
-43316.10
-43316.10
-43316.10
-43316.10
-43316.10
-43316.10
-43316.10
-43316.10
-43316.10
-43316.10
-43316.10
-43316.10
-43316.10
-43316.10
-43316.10
-43316.10
-43316.10
-43316.10
-43316.10
-43316.10
-43316.10
-43316.10
-43316.10
-43316.10
-43316.10
-43316.10
-43316.10
-43316.10
-43316.10
-43316.10
-43316.10
-43316.10
-43316.10
-43316.10
-43316.10
-43316.10
-43316.10
-43316.10
-43316.10
-43316.10
-43316.10
-43316.10
-43316.10
-43316.10
-43316.10
-43363.80
-43554.60
-43866.00
-44247.60
-44670.60
-45117.00
-45576.00
-46044.00
-46517.40
-46994.40
-47471.40
-47950.20
-48430.80
-48913.20
-49390.20
-49872.60
-50353.20
-50835.60
-51318.00
-51800.40
-52279.20
-52750.80
-53217.00
-53677.80
-54131.40
-54579.60
-55022.40
-55459.80
-55890.00
-56314.80
-56730.60
-57144.60
-57551.40
-57952.80
-58348.80
-58740.30
-59124.60
-59504.40
-59878.80
-60247.80
-60611.40
-60967.80
-61320.60
-61668.00
-62008.20
-62344.80
-62674.20
-63000.00
-63320.40
-63635.40
-63945.00
-64248.30
-64547.10
-64841.40
-65129.40
-65412.00
-65691.00
-65964.60
-66232.80
-66495.60
-66753.00
-67006.80
-67255.20
-67498.20
-67735.80
-67969.80
-68197.50
-68421.60
-68639.40
-68853.60
-69063.30
-69267.60
-69467.40
-69661.80
-69852.60
-70038.00
-70219.80
-70396.20
-70567.20
-70734.60
-70896.60
-71055.00
-71209.80
-71358.30
-71503.20
-71643.60
-71778.60
-71910.00
-72037.80
-72160.20
-72279.00
-72392.40
-72502.20
-72608.40
-72709.20
-72806.40
-72900.00
-72989.10
-73073.70
-73154.70
-73231.20
-73305.00
-73373.40
-73438.20
-73499.40
-73557.00
-73611.00
-73660.50
-73708.20
-73749.60
-73789.20
-73823.40
-73855.80
-73884.60
-73909.80
-73929.60
-73945.80
-73958.40
-73966.50
-73971.00
-73974.60
-73980.00
-73982.70
-73982.70
-73982.70
-73982.70
-73982.70
-73982.70
-73982.70
-73982.70
-73982.70
-73982.70
-73982.70
-73982.70
-73982.70
-73982.70
-73982.70
-73982.70
-73982.70
-73982.70
-73982.70
-73982.70
-73982.70
-73982.70
-73982.70
-73982.70
-73982.70
-73982.70
-73982.70
-73982.70
-73982.70
-73982.70
-73982.70
-73982.70
-73982.70
-73982.70
-73982.70
-73982.70
-73982.70
-73982.70
-73982.70
-73982.70
-73982.70
-73982.70
-73982.70
-73982.70
-73982.70
-73982.70
-73982.70
-73982.70
-73982.70
-73982.70
-73982.70
-73982.70
-74050.20
-74259.90
-74584.80
-74975.40
-75403.80
-75852.00
-76314.60
-76780.80
-77256.00
-77733.00
-78211.80
-78692.40
-79174.80
-79655.40
-80137.80
-80620.20
-81102.60
-81585.00
-82069.20
-82551.60
-83028.60
-83498.40
-83964.60
-84423.60
-84877.20
-85325.40
-85766.40
-86203.80
-86632.20
-87057.00
-87476.40
-87888.60
-88295.40
-88698.60
-89094.60
-89485.20
-89870.40
-90250.20
-90622.80
-90991.80
-91355.40
-91713.60
-92066.40
-92413.80
-92754.00
-93090.60
-93421.80
-93747.60
-94068.00
-94384.80
-94694.40
-94998.60
-95299.20
-95594.40
-95882.40
-96168.60
-96447.60
-96721.20
-96991.20
-97254.90
-97515.00
-97768.80
-98019.00
-98262.90
-98503.20
-98737.20
-98967.60
-99192.60
-99413.10
-99628.20
-99839.70
-100045.80
-100265.40
-100479.60
-100688.40
-100891.80
-101089.80
-101280.60
-101467.80
-101649.60
-101825.10
-101995.20
-102160.80
-102321.00
-102475.80
-102625.20
-102771.00
-102909.60
-103043.70
-103172.40
-103296.60
-103416.30
-103530.60
-103639.50
-103743.00
-103842.90
-103937.40
-104027.40
-104112.00
-104193.00
-104268.60
-104340.60
-104407.20
-104468.40
-104526.00
-104579.10
-104628.60
-104673.60
-104713.20
-104749.20
-104780.70
-104808.60
-104833.80
-104851.80
-104867.10
-104876.10
-104878.80
-104878.80
-104878.80
-104878.80
-104878.80
-104878.80
-104878.80
-104878.80
-104878.80
-104878.80
-104878.80
-104878.80
-104878.80
-104878.80
-104878.80
-104878.80
-104878.80
-104878.80
-104878.80
-104878.80
-104878.80
-104878.80
-104878.80
-104878.80
-104878.80
-104878.80
-104878.80
-104878.80
-104878.80
-104878.80
-104878.80
-104878.80
-104878.80
-104878.80
-104878.80
-104878.80
-104878.80
-104878.80
-104878.80
-104878.80
-104891.40
-105046.20
-105357.60
-105766.20
-106225.20
-106714.80
-107218.80
-107731.80
-108250.20
-108772.20
-109296.00
-109819.80
-110345.40
-110871.00
-111398.40
-111924.00
-112451.40
-112975.20
-113491.80
-113999.40
-114501.60
-114998.40
-115486.20
-115968.60
-116443.80
-116911.80
-117372.60
-117828.00
-118274.40
-118715.40
-119149.20
-119577.60
-119998.80
-120412.80
-120819.60
-121221.00
-121615.20
-122004.00
-122385.60
-122760.00
-123129.00
-123492.60
-123849.00
-124198.20
-124542.00
-124878.60
-125209.80
-125535.60
-125854.20
-126165.60
-126473.40
-126772.20
-127067.40
-127355.40
-127638.00
-127913.40
-128185.20
-128449.80
-128707.20
-128961.00
-129207.60
-129447.90
-129682.80
-129912.30
-130136.40
-130354.20
-130566.60
-130771.80
-130973.40
-131167.79
-131358.59
-131542.20
-131720.39
-131893.20
-132060.59
-132222.59
-132379.20
-132530.39
-132676.20
-132816.59
-132951.59
-133083.00
-133207.20
-133326.89
-133441.20
-133551.00
-133655.39
-133754.39
-133849.79
-133938.00
-134022.59
-134102.70
-134177.39
-134248.50
-134314.20
-134375.39
-134431.20
-134483.39
-134532.00
-134575.20
-134614.79
-134649.00
-134678.70
-134704.79
-134728.20
-134744.39
-134757.00
-134762.39
-134764.20
-134764.20
-134764.20
-134764.20
-134764.20
-134764.20
-134764.20
-134764.20
-134764.20
-134764.20
-134764.20
-134764.20
-134764.20
-134764.20
-134764.20
-134764.20
-134764.20
-134764.20
-134764.20
-134764.20
-134764.20
-134764.20
-134764.20
-134764.20
-134764.20
-134764.20
-134764.20
-134764.20
-134771.39
-134906.39
-135203.39
-135603.00
-136060.20
-136546.20
-137048.39
-137561.39
-138079.79
-138601.79
-139125.59
-139647.59
-140173.20
-140698.79
-141226.20
-141751.79
-142279.20
-142801.20
-143316.00
-143825.39
-144325.79
-144819.00
-145306.79
-145787.39
-146260.79
-146727.00
-147186.00
-147639.59
-148086.00
-148525.20
-148959.00
-149385.59
-149805.00
-150219.00
-150625.79
-151025.39
-151419.59
-151806.59
-152188.20
-152564.39
-152931.59
-153295.20
-153651.59
-154000.79
-154344.59
-154681.20
-155014.20
-155338.20
-155658.59
-155971.79
-156277.79
-156580.20
-156875.39
-157163.39
-157447.79
-157725.00
-157996.79
-158261.39
-158522.39
-158776.20
-159024.59
-159267.59
-159505.20
-159737.39
-159962.39
-160183.79
-160398.00
-160606.79
-160810.20
-161008.20
-161200.79
-161388.00
-161569.79
-161746.20
-161917.20
-162082.79
-162243.00
-162397.79
-162547.20
-162691.20
-162831.59
-162964.79
-163093.50
-163216.79
-163335.59
-163449.00
-163557.00
-163661.39
-163759.50
-163853.09
-163942.20
-164025.00
-164105.09
-164179.79
-164250.00
-164314.79
-164375.09
-164431.79
-164484.00
-164530.79
-164574.00
-164613.59
-164646.89
-164676.59
-164701.79
-164724.29
-164743.20
-164759.39
-164772.00
-164779.20
-164781.00
-164781.00
-164781.00
-164781.00
-164781.00
-164781.00
-164781.00
-164781.00
-164781.00
-164781.00
-164781.00
-164781.00
-164781.00
-164781.00
-164781.00
-164781.00
-164781.00
-164781.00
-164781.00
-164781.00
-164781.00
-164781.00
-164781.00
-164781.00
-164781.00
-164781.00
-164811.59
-164998.79
-165333.59
-165754.79
-166221.00
-166712.39
-167196.59
-167679.00
-168152.39
-168620.39
-169088.39
-169576.20
-170078.39
-170593.20
-171111.59
-171633.59
-172157.39
-172677.59
-173203.20
-173728.79
-174252.59
-174780.00
-175305.59
-175833.00
-176356.79
-176880.59
-177404.39
-177930.00
-178457.39
-178984.79
-179512.18
-180039.59
-180567.00
-181094.39
-181621.79
-182149.18
-182673.00
-183200.39
-183727.79
-184251.59
-184779.00
-185306.39
-185833.79
-186357.59
-186885.00
-187412.39
-187939.79
-188467.18
-188994.59
-189522.00
-190047.59
-190573.18
-191102.39
-191629.79
-192157.18
-192684.59
-193212.00
-193735.79
-194265.00
-194792.39
-195319.79
-195847.18
-196374.59
-196902.00
-197431.18
-197956.79
-198475.18
-198982.79
-199488.59
-199985.39
-200476.79
-200961.00
-201439.79
-201909.59
-202374.00
-202833.00
-203283.00
-203727.59
-204165.00
-204597.00
-205021.79
-205441.18
-205853.39
-206258.39
-206658.00
-207050.39
-207437.39
-207817.18
-208191.59
-208560.59
-208922.39
-209277.00
-209627.09
-209970.00
-210308.39
-210639.59
-210963.59
-211284.00
-211597.18
-211903.18
-212204.68
-212499.89
-212789.68
-213073.18
-213350.39
-213623.09
-213888.59
-214149.59
-214405.18
-214653.59
-214896.59
-215134.18
-215366.39
-215593.18
-215814.59
-216030.59
-216240.29
-216444.59
-216644.39
-216837.00
-217026.00
-217207.79
-217386.00
-217557.89
-217724.39
-217886.39
-218043.00
-218193.29
-218339.09
-218479.50
-218615.39
-218745.00
-218871.00
-218989.79
-219105.00
-219214.79
-219321.00
-219420.00
-219515.39
-219605.39
-219691.79
-219772.79
-219848.39
-219920.39
-219987.00
-220050.00
-220107.59
-220161.59
-220210.18
-220255.18
-220294.79
-220332.59
-220365.00
-220392.00
-220414.50
-220431.59
-220446.00
-220458.59
-220465.79
-220469.39
-220469.39
-220469.39
-220469.39
-220469.39
-220469.39
-220469.39
-220469.39
-220469.39
-220469.39
-220469.39
-220469.39
-220469.39
-220469.39
-220469.39
-220469.39
-220469.39
-220469.39
-220469.39
-220469.39
-220469.39
-220469.39
-220469.39
-220469.39
-220469.39
-220469.39
-220469.39
-220469.39
-220469.39
-220469.39
-220469.39
-220469.39
-220469.39
-220469.39
-220469.39
-220469.39
-220469.39
-220469.39
-220469.39
-220469.39
-220469.39
-220469.39
-220469.39
-220469.39
-220469.39
-220469.39
-220469.39
-220469.39
-220469.39
-220469.39
-220469.39
-220469.39
-220469.39
-220469.39
-220469.39
-220469.39
-220469.39
-220469.39
-220469.39
-220469.39
-220509.89
-220712.39
-221056.18
-221482.79
-221952.59
-222447.59
-222953.39
-223466.39
-223981.18
-224503.18
-225027.00
-225552.59
-226080.00
-226605.59
-227131.18
-227658.59
-228186.00
-228713.39
-229239.00
-229757.39
-230270.39
-230776.18
-231274.79
-231764.39
-232250.39
-232727.39
-233199.00
-233663.39
-234120.59
-234572.39
-235017.00
-235454.39
-235886.39
-236311.18
-236728.79
-237141.00
-237546.00
-237945.59
-238338.00
-238725.00
-239104.79
-239479.18
-239848.18
-240209.09
-240564.59
-240913.79
-241257.59
-241594.18
-241925.39
-242250.29
-242569.79
-242883.00
-243189.00
-243489.59
-243786.59
-244074.59
-244359.00
-244636.18
-244908.00
-245174.39
-245435.39
-245691.00
-245939.39
-246184.18
-246421.79
-246654.00
-246880.79
-247102.18
-247318.18
-247527.89
-247732.18
-247932.00
-248126.39
-248314.50
-248497.18
-248675.39
-248848.18
-249015.59
-249177.59
-249334.18
-249485.39
-249632.09
-249773.39
-249910.18
-250039.79
-250165.79
-250286.39
-250403.39
-250513.18
-250619.39
-250720.18
-250817.39
-250907.39
-250993.79
-251075.68
-251154.00
-251226.00
-251293.50
-251357.39
-251415.00
-251470.79
-251521.18
-251566.18
-251607.59
-251645.39
-251677.79
-251706.59
-251730.00
-251748.00
-251765.09
-251776.79
-251785.79
-251793.00
-251798.39
-251800.18
-251798.39
-251798.39
-251798.39
-251798.39
-251798.39
-251798.39
-251798.39
-251798.39
-251798.39
-251798.39
-251798.39
-251798.39
-251798.39
-251798.39
-251798.39
-251798.39
-251798.39
-251798.39
-251798.39
-251798.39
-251798.39
-251798.39
-251798.39
-251798.39
-251798.39
-251798.39
-251798.39
-251798.39
-251798.39
-251798.39
-251798.39
-251798.39
-251798.39
-251798.39
-251798.39
-251798.39
-251798.39
-251798.39
-251798.39
-251798.39
-251798.39
-251798.39
-251798.39
-251798.39
-251798.39
-251798.39
-251798.39
-251798.39
-251798.39
-251798.39
-251798.39
-251798.39
-251798.39
-251798.39
-251798.39
-251798.39
-251798.39
-251798.39
-251798.39
-251798.39
-251798.39
-251798.39
-251798.39
-251798.39
-251798.39
-251798.3
9-251798.39
-251798.39
-251798.39
-251798.39
-251798.39
-251798.39
-251798.39
-251798.39
-251798.39
-251798.39
-251798.39
-251872.18
-252115.18
-252486.00
-252925.18
-253404.00
-253900.79
-254412.00
-254928.59
-255448.79
-255972.59
-256496.39
-257022.00
-257549.39
-258076.79
-258602.39
-259126.18
-259653.59
-260181.00
-260701.18
-261216.00
-261723.59
-262224.00
-262717.18
-263203.18
-263683.78
-264157.18
-264623.40
-265082.40
-265536.00
-265982.40
-266421.59
-266855.40
-267282.00
-267703.18
-268117.18
-268524.00
-268925.40
-269319.59
-269708.40
-270090.00
-270466.18
-270837.00
-271200.59
-271557.00
-271908.00
-272253.59
-272592.00
-272925.00
-273252.59
-273573.00
-273888.00
-274196.68
-274500.00
-274797.00
-275088.59
-275373.00
-275653.78
-275927.40
-276195.59
-276457.50
-276714.00
-276965.09
-277210.78
-277450.18
-277684.18
-277912.78
-278136.00
-278353.78
-278566.18
-278773.18
-278973.90
-279169.18
-279360.00
-279545.40
-279725.40
-279900.00
-280069.18
-280233.00
-280391.40
-280544.40
-280693.78
-280836.00
-280974.59
-281107.78
-281235.59
-281358.00
-281475.90
-281588.40
-281696.40
-281799.90
-281898.00
-281991.59
-282079.78
-282164.40
-282243.59
-282317.40
-282387.59
-282454.18
-282515.40
-282571.18
-282623.40
-282672.00
-282714.28
-282753.90
-282789.90
-282822.28
-282848.40
-282870.90
-282888.00
-282902.40
-282910.50
-282915.00
-282915.00
-282915.00
-282915.00
-282915.00
-282915.00
-282915.00
-282915.00
-282915.00
-282915.00
-282915.00
-282915.00
-282915.00
-282915.00
-282915.00
-282915.00
-282915.00
-282915.00
-282915.00
-282915.00
-282915.00
-282915.00
-282915.00
-282915.00
-282915.00
-282915.00
-282915.00
-282915.00
-282915.00
-282915.00
-282915.00
-282915.00
-282915.00
-282915.00
-282915.00
-282915.00
-282915.00
-282915.00
-282915.00
-282915.00
-282915.00
-282920.40
-283048.18
-283339.78
-283737.59
-284191.18
-284679.00
-285181.18
-285692.40
-286212.59
-286732.78
-287258.40
-287784.00
-288309.59
-288835.18
-289362.59
-289890.00
-290417.40
-290944.78
-291472.18
-291999.59
-292523.40
-293050.78
-293569.18
-294082.18
-294588.00
-295086.59
-295579.78
-296064.00
-296542.78
-297010.78
-297475.18
-297934.18
-298386.00
-298830.59
-299269.78
-299701.78
-300128.40
-300546.00
-300960.00
-301365.00
-301766.40
-302158.78
-302547.59
-302927.40
-303303.59
-303672.59
-304034.40
-304390.78
-304741.78
-305085.59
-305422.18
-305755.18
-306081.00
-306401.40
-306714.59
-307022.40
-307324.78
-307621.78
-307911.59
-308196.00
-308475.00
-308748.59
-309015.00
-309276.90
-309533.40
-309783.59
-310028.40
-310266.90
-310500.00
-310728.59
-310950.00
-311167.78
-311378.40
-311585.40
-311785.18
-311981.40
-312170.40
-312355.78
-312534.00
-312708.59
-312877.78
-313039.78
-313198.18
-313351.18
-313499.68
-313642.78
-313779.59
-313912.78
-314040.59
-314163.00
-314280.00
-314393.40
-314501.40
-314604.00
-314701.18
-314794.78
-314883.00
-314966.68
-315045.90
-315120.59
-315190.78
-315255.59
-315316.78
-315374.40
-315425.68
-315473.40
-315516.59
-315558.00
-315592.18
-315623.68
-315649.78
-315671.40
-315691.18
-315706.50
-315719.09
-315728.09
-315729.00
-315725.40
-315720.90
-315720.00
-315720.00
-315720.00
-315720.00
-315720.00
-315720.00
-315720.00
-315720.00
-315720.00
-315720.00
-315720.00
-315720.00
-315720.00
-315720.00
-315720.00
-315720.00
-315720.00
-315720.00
-315720.00
-315720.00
-315720.00
-315720.00
-315720.00
-315720.00
-315720.00
-315720.00
-315720.00
-315720.00
-315720.00
-315720.00
-315720.00
-315720.00
-315720.00
-315720.00
-315720.00
-315720.00
-315720.00
-315720.00
-315720.00
-315720.00
-315720.00
-315720.00
-315720.00
-315720.00
-315720.00
-315720.00
-315720.00
-315720.00
-315720.00
-315720.00
-315720.00
-315720.00
-315720.00
-315720.00
-315720.00
-315720.00
-315720.00
-315720.00
-315720.00
-315720.00
-315720.00
-315720.00
-315720.00
-315720.00
-315720.00
-315720.00
-315720.00
-315720.00
-315720.00
-315720.00
-315720.00
-315720.00
-315720.00
-315720.00
-315720.00
-315720.00
-315720.00
-315720.00
-315720.00
-315720.00
-315720.00
-315720.00
-315720.00
-315720.00
-315720.00
-315720.00
-315720.00
-315720.00
-315720.00
-315720.00
-315720.00
-315720.00
-315720.00
-315720.00
-315720.00
-315720.00
-315720.00
-315720.00
-315720.00
-315720.00
-315720.00
-315720.00
-315720.00
-315720.00
-315720.00
-315720.00
-315720.00
-315720.00
-315720.00
-315720.00
-315720.00
-315720.00
-315720.00
-315720.00
-315720.00
-315720.00
-315720.00
-315720.00
-315720.00
-315720.00
-315720.00
-315720.00
-315720.00
-315720.00
-315720.00
-315720.00
-315720.00
-315720.00
-315720.00
-315720.00
-315720.00
-315720.00
-315720.00
-315720.00
-315720.00
-315720.00
-315720.00
-315741.59
-315914.40
-316242.00
-316657.78
-317124.00
-317615.40
-318121.18
-318636.00
-319154.40
-319672.78
-320198.40
-320724.00
-321249.59
-321777.00
-322304.40
-322830.00
-323355.59
-323881.18
-324410.40
-324934.18
-325452.59
-325963.78
-326467.78
-326961.00
-327450.59
-327934.78
-328411.78
-328881.59
-329344.18
-329801.40
-330251.40
-330694.18
-331129.78
-331560.00
-331984.78
-332401.50
-332812.78
-333217.78
-333615.59
-334008.00
-334393.18
-334771.18
-335145.59
-335511.90
-335872.78
-336227.40
-336574.78
-336916.78
-337253.40
-337584.59
-337908.59
-338225.40
-338538.59
-338844.59
-339144.28
-339438.59
-339726.59
-340009.18
-340286.40
-340558.18
-340822.78
-341083.78
-341337.59
-341586.00
-341828.09
-342064.78
-342297.00
-342522.00
-342743.40
-342957.59
-343168.18
-343371.59
-343569.59
-343764.00
-343951.18
-344134.78
-344311.18
-344484.00
-344649.59
-344811.59
-344968.18
-345119.40
-345265.18
-345405.59
-345542.40
-345672.90
-345798.90
-345919.50
-346035.59
-346146.28
-346252.50
-346354.18
-346449.59
-346541.40
-346628.68
-346710.59
-346788.00
-346861.78
-346930.18
-346995.00
-347054.40
-347110.18
-347160.59
-347207.40
-347250.59
-347288.40
-347322.59
-347351.40
-347378.40
-347401.78
-347418.00
-347432.40
-347437.78
-347439.59
-347439.59
-347439.59
-347439.59
-347439.59
-347439.59
-347439.59
-347439.59
-347439.59
-347439.59
-347439.59
-347439.59
-347439.59
-347439.59
-347439.59
-347439.59
-347439.59
-347439.59
-347439.59
-347439.59
-347439.59
-347439.59
-347439.59
-347439.59
-347439.59
-347439.59
-347439.59
-347439.59
-347439.59
-347439.59
-347439.59
-347439.59
-347439.59
-347439.59
-347439.59
-347439.59
-347439.59
-347439.59
-347439.59
-347439.59
-347439.59
-347439.59
-347439.59
-347439.59
-347439.59
-347439.59
-347439.59
-347439.59
-347439.59
-347439.59
-347439.59
-347439.59
-347439.59
-347439.59
-347439.59
-347439.59
-347439.59
-347439.59
-347439.59
-347439.59
-347439.59
-347439.59
-347439.59
-347529.59
-347788.78
-348168.59
-348615.00
-349095.59
-349596.00
-350107.18
-350625.59
-351145.78
-351669.59
-352195.18
-352720.78
-353248.18
-353775.59
-354303.00
-354830.37
-355357.78
-355879.78
-356392.78
-356902.18
-357404.37
-357901.18
-358389.00
-358869.59
-359344.78
-359814.59
-360275.37
-360730.78
-361179.00
-361620.00
-362055.59
-362485.78
-362907.00
-363322.78
-363733.18
-364136.37
-364532.37
-364923.00
-365308.18
-365686.18
-366057.00
-366424.18
-366782.37
-367137.00
-367482.59
-367824.59
-368159.37
-368488.78
-368811.00
-369128.68
-369439.18
-369745.18
-370044.00
-370337.37
-370625.37
-370908.00
-371183.37
-371454.28
-371719.78
-371977.18
-372231.00
-372479.37
-372720.59
-372958.18
-373188.59
-373414.50
-373635.00
-373849.18
-374058.00
-374262.28
-374461.18
-374653.78
-374841.00
-375023.68
-375201.00
-375372.00
-375539.37
-375701.37
-375857.09
-376007.37
-376154.09
-376295.37
-376430.37
-376561.78
-376687.78
-376808.37
-376923.59
-377035.18
-377141.37
-377242.18
-377339.37
-377430.28
-377517.59
-377600.37
-377677.78
-377749.78
-377819.09
-377883.00
-377942.37
-377998.18
-378048.59
-378095.37
-378137.68
-378176.37
-378210.59
-378240.28
-378264.59
-378286.18
-378302.37
-378316.78
-378327.59
-378334.78
-378338.37
-378342.00
-378343.78
-378344.68
-378344.68
-378344.68
-378344.68
-378344.68
-378344.68
-378344.68
-378344.68
-378344.68
-378344.68
-378344.68
-378344.68
-378344.68
-378344.68
-378344.68
-378344.68
-378344.68
-378344.68
-378344.68
-378344.68
-378344.68
-378344.68
-378344.68
-378344.68
-378344.68
-378344.68
-378344.68
-378344.68
-378344.68
-378344.68
-378344.68
-378344.68
-378344.68
-378344.68
-378344.68
-378344.68
-378344.68
-378344.68
-378344.68
-378344.68
-378344.68
-378344.68
-378344.68
-378344.68
-378344.68
-378344.68
-378344.68
-378344.68
-378344.68
-378344.68
-378344.68
-378344.68
-378344.68
-378344.68
-378344.68
-378344.68
-378344.68
-378344.68
-378344.68
-378344.68
-378344.68
-378344.68
-378344.68
-378344.68
-378344.68
-378349.18
-378468.00
-378754.18
-379150.18
-379603.78
-380088.00
-380590.18
-381103.18
-381621.59
-382143.59
-382669.18
-383194.78
-383720.37
-384247.78
-384771.59
-385297.18
-385826.37
-386353.78
-386881.18
-387408.59
-387936.00
-388463.37
-388989.00
-389507.37
-390018.59
-390522.59
-391021.18
-391512.59
-391996.78
-392473.78
-392943.59
-393408.00
-393865.18
-394317.00
-394759.78
-395199.00
-395629.18
-396054.00
-396471.59
-396883.78
-397290.59
-397688.37
-398082.59
-398469.59
-398849.37
-399223.78
-399592.78
-399954.59
-400311.00
-400660.18
-401004.00
-401342.37
-401673.59
-401999.37
-402319.78
-402633.00
-402940.78
-403243.18
-403538.37
-403829.09
-404114.37
-404393.37
-404665.18
-404933.37
-405194.37
-405451.78
-405702.00
-405946.78
-406186.18
-406420.18
-406647.87
-406870.18
-407088.00
-407300.37
-407505.59
-407707.18
-407903.37
-408094.18
-408277.78
-408457.78
-408632.37
-408801.59
-408966.28
-409125.59
-409278.59
-409428.00
-409571.09
-409709.68
-409843.78
-409971.59
-410094.87
-410212.78
-410327.09
-410436.00
-410538.59
-410638.50
-410733.00
-410821.18
-410906.68
-410986.78
-411062.37
-411133.50
-411199.18
-411262.18
-411319.78
-411373.78
-411422.37
-411467.37
-411508.78
-411543.87
-411575.37
-411604.18
-411628.50
-411651.00
-411667.18
-411679.78
-411686.09
-411683.37
-411679.78
-411676.18
-411676.18
-411676.18
-411676.18
-411676.18
-411676.18
-411676.18
-411676.18
-411676.18
-411676.18
-411676.18
-411676.18
-411676.18
-411676.18
-411676.18
-411676.18
-411676.18
-411676.18
-411676.18
-411676.18
-411676.18
-411676.18
-411676.18
-411676.18
-411676.18
-411676.18
-411676.18
-411678.00
-411780.59
-412051.50
-412437.59
-412885.78
-413364.59
-413866.78
-414378.00
-414896.37
-415414.78
-415935.00
-416460.59
-416986.18
-417510.00
-418035.59
-418564.78
-419086.78
-419612.37
-420138.00
-420667.18
-421189.18
-421704.00
-422211.59
-422715.59
-423212.37
-423700.18
-424182.59
-424657.78
-425127.59
-425590.18
-426045.59
-426495.59
-426938.37
-427374.00
-427804.18
-428227.18
-428644.78
-429055.18
-429460.18
-429858.00
-430248.59
-430635.59
-431013.59
-431388.00
-431755.18
-432115.18
-432469.78
-432819.00
-433161.00
-433497.59
-433828.78
-434152.78
-434472.28
-434784.59
-435092.37
-435393.00
-435688.18
-435977.09
-436260.59
-436537.78
-436810.50
-437076.00
-437337.00
-437592.59
-437841.87
-438085.78
-438323.37
-438557.37
-438784.18
-439005.59
-439221.59
-439432.18
-439637.37
-439837.18
-440031.59
-440220.59
-440405.09
-440584.18
-440757.00
-440924.37
-441088.18
-441244.78
-441397.78
-441545.37
-441687.59
-441824.37
-441955.78
-442082.68
-442204.18
-442321.18
-442433.68
-442540.78
-442643.37
-442740.59
-442832.37
-442920.59
-443003.37
-443082.59
-443156.37
-443225.68
-443291.37
-443351.68
-443407.50
-443458.78
-443507.37
-443550.59
-443588.37
-443622.59
-443655.00
-443682.00
-443705.37
-443721.59
-443736.00
-443745.00
-443748.59
-443748.59
-443748.59
-443748.59
-443748.59
-443748.59
-443748.59
-443748.59
-443748.59
-443748.59
-443748.59
-443748.59
-443748.59
-443748.59
-443748.59
-443748.59
-443748.59
-443748.59
-443748.59
-443748.59
-443748.59
-443748.59
-443748.59
-443748.59
-443748.59
-443748.59
-443790.00
-443995.18
-444342.59
-444771.00
-445242.59
-445737.59
-446247.00
-446761.78
-447283.78
-447805.78
-448331.37
-448849.78
-449377.18
-449904.59
-450432.00
-450957.59
-451486.78
-452012.37
-452530.78
-453045.59
-453551.37
-454051.78
-454545.00
-455032.78
-455511.59
-455986.78
-456453.00
-456913.78
-457367.37
-457813.78
-458254.78
-458688.59
-459117.00
-459538.18
-459952.18
-460360.78
-460764.00
-461160.00
-461550.59
-461934.00
-462312.00
-462682.78
-463048.18
-463406.37
-463761.00
-464106.59
-464448.59
-464783.37
-465112.78
-465435.00
-465751.78
-466063.18
-466369.18
-466668.00
-466961.37
-467249.37
-467532.00
-467808.28
-468079.18
-468343.78
-468603.00
-468856.78
-469105.18
-469348.18
-469584.00
-469816.18
-470041.18
-470262.59
-470476.78
-470687.37
-470890.78
-471088.78
-471283.18
-471470.37
-471653.09
-471830.37
-472003.18
-472168.78
-472330.78
-472487.37
-472638.59
-472784.37
-472925.68
-473061.59
-473192.09
-473317.18
-473437.78
-473554.78
-473664.59
-473770.78
-473871.59
-473968.78
-474059.68
-474147.00
-474228.00
-474305.37
-474379.18
-474447.59
-474510.59
-474570.00
-474625.78
-474676.18
-474723.00
-474765.28
-474804.00
-474837.28
-474867.00
-474890.37
-474912.00
-474930.00
-474944.37
-474955.18
-474965.09
-474973.18
-474973.18
-474971.37
-474968.68
-474968.68
-474968.68
-474968.68
-475052.37
-475306.18
-475682.37
-476125.18
-476605.78
-477104.37
-477615.59
-478134.00
-478656.00
-479178.00
-479703.59
-480231.00
-480756.59
-481284.00
-481811.37
-482338.78
-482866.18
-483393.59
-483912.00
-484425.00
-484929.00
-485429.37
-485920.78
-486406.78
-486885.59
-487357.18
-487823.37
-488282.37
-488730.59
-489177.00
-489616.18
-490050.00
-490476.59
-490896.00
-491310.00
-491718.59
-492120.00
-492516.00
-492904.78
-493286.37
-493664.37
-494034.28
-494398.78
-494757.00
-495109.78
-495455.37
-495795.59
-496130.37
-496458.00
-496780.18
-497097.00
-497408.37
-497712.59
-498011.37
-498304.78
-498591.00
-498873.59
-499149.00
-499419.00
-499683.59
-499942.78
-500196.59
-500445.00
-500686.18
-500923.78
-501154.18
-501381.00
-501600.59
-501814.78
-502025.37
-502228.78
-502427.68
-502621.18
-502809.28
-502992.00
-503170.18
-503341.18
-503508.59
-503670.59
-503827.18
-503979.28
-504126.00
-504267.28
-504403.18
-504534.59
-504661.50
-504783.00
-504900.00
-505011.59
-505117.78
-505219.50
-505316.68
-505409.37
-505495.78
-505579.50
-505657.78
-505731.59
-505800.87
-505864.78
-505926.00
-505982.68
-506034.00
-506081.68
-506125.78
-506163.59
-506197.78
-506228.37
-506255.37
-506278.78
-506300.37
-506314.78
-506325.59
-506326.50
-506322.00
-506318.37
-506316.59
-506316.59
-506316.59
-506316.59
-506316.59
-506316.59
-506316.59
-506316.59
-506316.59
-506316.59
-506316.59
-506316.59
-506316.59
-506316.59
-506316.59
-506316.59
-506316.59
-506316.59
-506316.59
-506316.59
-506316.59
-506316.59
-506316.59
-506316.59
-506316.59
-506316.59
-506316.59
-506316.59
-506316.59
-506374.18
-506601.00
-506961.00
-507396.59
-507871.78
-508368.59
-508878.00
-509394.59
-509916.59
-510440.37
-510966.00
-511491.59
-512017.18
-512541.00
-513068.37
-513595.78
-514123.18
-514650.59
-515170.78
-515685.59
-516193.18
-516693.59
-517186.78
-517674.59
-518153.37
-518628.59
-519094.78
-519555.59
-520005.59
-520452.00
-520893.00
-521326.78
-521755.18
-522176.37
-522592.18
-523000.78
-523402.18
-523798.18
-524188.78
-524572.18
-524950.18
-525321.00
-525686.37
-526046.37
-526399.18
-526746.56
-527086.81
-527421.56
-527751.00
-528075.00
-528391.81
-528703.18
-529007.37
-529308.00
-529601.37
-529889.37
-530170.18
-530447.37
-530717.37
-530982.87
-531243.00
-531496.81
-531743.37
-531986.37
-532224.00
-532454.37
-532681.18
-532900.81
-533115.87
-533325.56
-533529.00
-533727.87
-533921.37
-534108.56
-534291.31
-534468.56
-534640.50
-534807.00
-534969.00
-535124.68
-535275.87
-535421.68
-535563.00
-535698.00
-535829.37
-535953.56
-536074.18
-536190.31
-536301.00
-536406.31
-536507.06
-536603.37
-536694.31
-536780.68
-536862.56
-536940.00
-537012.00
-537080.37
-537143.37
-537202.81
-537258.56
-537309.00
-537354.87
-537397.18
-537435.00
-537467.37
-537496.18
-537519.56
-537541.18
-537559.18
-537573.56
-537582.56
-537591.56
-537598.81
-537600.56
-537599.68
-537598.81
-537597.87
-537597.87
-537597.87
-537597.87
-537597.87
-537597.87
-537597.87
-537597.87
-537597.87
-537597.87
-537597.87
-537597.87
-537597.87
-537597.87
-537597.87
-537597.87
-537597.87
-537597.87
-537597.87
-537597.87
-537597.87
-537597.87
-537597.87
-537597.87
-537597.87
-537609.56
-537763.50
-538074.00
-538482.56
-538943.37
-539433.00
-539938.81
-540453.56
-540972.00
-541494.00
-542019.56
-542545.18
-543070.81
-543598.18
-544125.56
-544653.00
-545176.81
-545704.18
-546229.81
-546750.00
-547263.00
-547768.81
-548269.18
-548760.56
-549246.56
-549725.37
-550198.81
-550665.00
-551124.00
-551575.81
-552022.18
-552463.18
-552895.18
-553321.81
-553743.00
-554157.00
-554565.56
-554967.00
-555363.00
-555751.81
-556135.18
-556511.37
-556882.18
-557247.56
-557605.81
-557958.56
-558304.18
-558644.37
-558979.18
-559308.56
-559630.81
-559947.56
-560257.18
-560563.18
-560862.00
-561155.37
-561441.56
-561724.18
-561999.56
-562271.37
-562536.00
-562795.18
-563047.18
-563295.56
-563538.56
-563774.37
-564006.56
-564231.56
-564453.00
-564667.18
-564877.81
-565081.18
-565281.00
-565473.56
-565662.56
-565844.37
-566022.56
-566195.37
-566362.81
-566524.81
-566681.37
-566832.56
-566980.18
-567120.56
-567257.37
-567388.81
-567516.56
-567637.18
-567754.18
-567865.81
-567972.00
-568074.56
-568171.81
-568265.37
-568352.68
-568435.50
-568513.81
-568589.37
-568657.81
-568722.56
-568783.81
-568839.56
-568891.81
-568940.37
-568983.56
-569022.31
-569056.50
-569088.00
-569115.00
-569136.56
-569153.68
-569167.18
-569174.37
-569176.18
-569176.18
-569176.18
-569176.18
-569176.18
-569176.18
-569176.18
-569176.18
-569176.18
-569176.18
-569176.18
-569176.18
-569176.18
-569176.18
-569176.18
-569176.18
-569176.18
-569176.18
-569176.18
-569176.18
-569176.18
-569176.18
-569176.18
-569176.18
-569176.18
-569176.18
-569176.18
-569176.18
-569190.56
-569350.81
-569667.56
-570079.81
-570542.37
-571032.00
-571537.81
-572052.56
-572572.81
-573091.18
-573613.18
-574138.81
-574664.37
-575191.81
-575719.18
-576246.56
-576772.18
-577299.56
-577827.00
-578354.37
-578878.18
-579394.81
-579904.18
-580406.37
-580903.18
-581392.81
-581875.18
-582352.18
-582822.00
-583284.56
-583741.81
-584191.81
-584634.56
-585072.00
-585502.18
-585927.00
-586344.56
-586756.81
-587161.81
-587561.37
-587953.81
-588340.81
-588720.56
-589095.00
-589464.00
-589825.81
-590182.18
-590531.37
-590875.18
-591213.56
-591546.56
-591872.37
-592192.81
-592506.87
-592815.56
-593118.00
-593415.00
-593706.56
-593991.00
-594270.87
-594545.37
-594813.56
-595076.37
-595332.87
-595584.00
-595830.56
-596070.00
-596305.81
-596534.37
-596759.37
-596977.18
-597189.56
-597398.37
-597600.00
-597797.06
-597988.81
-598175.06
-598356.00
-598532.37
-598703.37
-598869.00
-599028.31
-599184.00
-599333.37
-599478.31
-599617.81
-599752.81
-599882.37
-600008.37
-600127.18
-600242.37
-600352.18
-600458.37
-600559.18
-600654.56
-600745.50
-600831.87
-600913.81
-600991.18
-601063.18
-601131.56
-601195.50
-601254.00
-601309.81
-601362.00
-601407.00
-601450.18
-601488.00
-601522.18
-601551.00
-601576.18
-601597.81
-601614.00
-601630.18
-601641.00
-601647.31
-601651.81
-601653.56
-601655.37
-601657.18
-601660.81
-601660.81
-601660.81
-601660.81
-601660.81
-601660.81
-601660.81
-601660.81
-601660.81
-601660.81
-601660.81
-601660.81
-601660.81
-601660.81
-601660.81
-601660.81
-601660.81
-601660.81
-601660.81
-601660.81
-601660.81
-601660.81
-601660.81
-601660.81
-601660.81
-601660.81
-601660.81
-601660.81
-601684.18
-601860.56
-602188.18
-602605.81
-603072.00
-603563.37
-604071.00
-604585.81
-605106.00
-605628.00
-606153.56
-606679.18
-607206.56
-607732.18
-608259.56
-608785.18
-609312.56
-609840.00
-610360.18
-610875.00
-611382.56
-611884.81
-612378.00
-612865.81
-613346.37
-613821.56
-614289.56
-614750.37
-615204.00
-615652.18
-616095.00
-616530.56
-616959.00
-617380.18
-617797.81
-618206.37
-618611.37
-619008.31
-619399.81
-619785.00
-620163.00
-620536.50
-620902.81
-621264.56
-621619.18
-621966.56
-622310.37
-622647.00
-622976.37
-623302.18
-623620.81
-623934.00
-624240.87
-624542.37
-624837.56
-625127.37
-625411.81
-625690.81
-625962.56
-626230.81
-626491.81
-626747.37
-626997.56
-627242.37
-627481.81
-627715.81
-627944.37
-628167.56
-628384.50
-628596.00
-628803.00
-629004.56
-629200.81
-629391.56
-629577.00
-629757.00
-629931.56
-630100.81
-630266.37
-630424.81
-630579.56
-630729.00
-630873.00
-631011.56
-631146.56
-631275.31
-631398.56
-631518.31
-631632.56
-631742.37
-631846.81
-631946.68
-632041.18
-632131.18
-632217.56
-632298.56
-632375.06
-632447.06
-632514.56
-632577.56
-632637.00
-632691.00
-632741.37
-632786.37
-632827.81
-632865.56
-632898.00
-632926.81
-632952.00
-632973.56
-632993.37
-633006.87
-633016.81
-633018.56
-633015.00
-633013.18
-633012.31
-633012.31
-633012.31
-633012.31
-633012.31
-633012.31
-633012.31
-633012.31
-633012.31
-633012.31
-633012.31
-633012.31
-633012.31
-633012.31
-633012.31
-633012.31
-633012.31
-633012.31
-633012.31
-633012.31
-633012.31
-633012.31
-633012.31
-633012.31
-633012.31
-633012.31
-633012.31
-633012.31
-633012.31
-633012.31
-633012.31
-633012.31
-633012.31
-633012.31
-633012.31
-633012.31
-633012.31
-633012.31
-633012.31
-633012.31
-633012.31
-633012.31
-633012.31
-633012.31
-633012.31
-633012.31
-633012.31
-633012.31
-633012.31
-633012.31
-633012.31
-633012.31
-633012.31
-633012.31
-633012.31
-633012.31
-633012.31
-633012.31
-633012.31
-633012.31
-633012.31
-633012.31
-633012.31
-633012.31
-633015.87
-633135.56
-633420.00
-633816.00
-634267.81
-634753.81
-635256.00
-635769.00
-636289.18
-636811.18
-637335.00
-637857.00
-638384.37
-638910.00
-639437.37
-639964.81
-640494.00
-641021.37
-641548.81
-642074.37
-642594.56
-643109.37
-643615.18
-644113.81
-644607.00
-645094.81
-645573.56
-646047.00
-646513.18
-646974.00
-647427.56
-647874.00
-648313.18
-648748.81
-649175.37
-649596.56
-650012.37
-650421.00
-650823.31
-651220.18
-651610.81
-651994.18
-652372.18
-652743.00
-653108.37
-653468.37
-653823.00
-654170.37
-654511.50
-654847.18
-655176.56
-655500.56
-655819.18
-656130.56
-656436.56
-656737.18
-657032.37
-657320.37
-657604.81
-657882.00
-658153.81
-658420.18
-658681.18
-658936.81
-659185.18
-659430.00
-659667.56
-659901.56
-660128.37
-660351.56
-660567.56
-660780.00
-660985.18
-661186.81
-661381.18
-661572.00
-661757.37
-661936.50
-662111.06
-662280.31
-662445.00
-662603.37
-662757.31
-662905.81
-663049.81
-663188.37
-663321.56
-663451.18
-663575.37
-663694.18
-663807.56
-663916.50
-664020.87
-664120.81
-664214.37
-664304.37
-664390.81
-664470.87
-664547.37
-664618.50
-664686.00
-664749.00
-664806.56
-664861.50
-664911.00
-664956.00
-664997.37
-665037.00
-665069.37
-665098.18
-665121.56
-665141.37
-665157.56
-665172.00
-665181.87
-665188.18
-665194.50
-665195.37
-665195.37
-665195.37
-665195.37
-665195.37
-665195.37
-665195.37
-665195.37
-665195.37
-665195.37
-665195.37
-665195.37
-665195.37
-665195.37
-665195.37
-665195.37
-665195.37
-665195.37
-665195.37
-665195.37
-665195.37
-665195.37
-665195.37
-665195.37
-665195.37
-665195.37
-665195.37
-665195.37
-665290.81
-665553.56
-665937.00
-666385.18
-666865.81
-667368.00
-667879.18
-668399.37
-668919.56
-669443.37
-669970.81
-670496.37
-671023.81
-671551.18
-672078.56
-672606.00
-673128.00
-673642.81
-674150.37
-674650.81
-675145.81
-675633.56
-676116.00
-676589.37
-677057.37
-677520.00
-677973.56
-678421.81
-678864.56
-679300.18
-679728.56
-680151.56
-680567.37
-680977.81
-681382.81
-681780.56
-682171.18
-682556.37
-682936.18
-683308.81
-683676.00
-684036.00
-684391.50
-684739.81
-685083.56
-685420.18
-685751.37
-686075.37
-686394.00
-686707.18
-687015.00
-687317.37
-687612.56
-687902.37
-688186.81
-688465.81
-688738.50
-689005.81
-689267.68
-689524.18
-689774.37
-690019.18
-690258.56
-690492.56
-690721.18
-690944.37
-691162.18
-691374.56
-691581.56
-691783.18
-691979.37
-692170.18
-692355.56
-692537.37
-692712.00
-692882.06
-693046.81
-693207.00
-693361.81
-693511.18
-693655.18
-693795.56
-693929.68
-694058.37
-694183.50
-694303.18
-694418.37
-694528.18
-694632.56
-694733.37
-694828.81
-694920.56
-695007.00
-695088.00
-695165.37
-695237.37
-695305.81
-695368.81
-695428.18
-695484.00
-695533.50
-695579.37
-695622.56
-695662.18
-695694.56
-695724.31
-695748.56
-695771.06
-695790.00
-695804.37
-695813.37
-695816.06
-695815.18
-695815.18
-695815.18
-695815.18
-695815.18
-695815.18
-695815.18
-695815.18
-695815.18
-695815.18
-695815.18
-695815.18
-695815.18
-695815.18
-695815.18
-695815.18
-695815.18
-695815.18
-695815.18
-695815.18
-695815.18
-695815.18
-695815.18
-695815.18
-695815.18
-695815.18
-695815.18
-695815.18
-695815.18
-695815.18
-695833.18
-695997.00
-696317.37
-696731.37
-697195.81
-697685.37
-698193.00
-698707.81
-699226.18
-699750.00
-700275.56
-700801.18
-701326.81
-701854.18
-702381.56
-702910.81
-703436.37
-703958.37
-704475.00
-704979.00
-705481.18
-705976.18
-706464.00
-706944.56
-707419.81
-707887.75
-708350.37
-708805.75
-709254.00
-709695.00
-710132.37
-710560.75
-710983.75
-711399.56
-711810.00
-712215.00
-712612.75
-713005.18
-713390.37
-713768.37
-714142.75
-714510.00
-714870.00
-715226.37
-715573.75
-715917.56
-716254.18
-716585.37
-716910.25
-717229.75
-717543.00
-717850.75
-718151.37
-718447.50
-718738.18
-719022.56
-719299.75
-719573.37
-719840.68
-720102.56
-720358.18
-720608.37
-720853.18
-721092.56
-721326.56
-721555.18
-721778.37
-721996.18
-722207.68
-722413.75
-722615.37
-722811.56
-723002.37
-723187.75
-723367.75
-723542.37
-723711.56
-723877.18
-724035.56
-724190.37
-724338.87
-724482.87
-724621.50
-724755.56
-724884.25
-725007.56
-725126.37
-725240.68
-725349.56
-725454.00
-725553.00
-725648.37
-725737.50
-725823.00
-725904.00
-725979.56
-726051.56
-726118.18
-726180.25
-726238.75
-726292.75
-726343.18
-726388.18
-726429.56
-726465.56
-726498.00
-726526.75
-726552.00
-726574.50
-726592.50
-726606.00
-726613.18
-726611.37
-726607.75
-726604.18
-726604.18
-726604.18
-726604.18
-726604.18
-726604.18
-726604.18
-726604.18
-726604.18
-726604.18
-726604.18
-726604.18
-726604.18
-726604.18
-726604.18
-726604.18
-726604.18
-726604.18
-726604.18
-726604.18
-726604.18
-726604.18
-726604.18
-726604.18
-726604.18
-726604.18
-726604.18
-726604.18
-726604.18
-726604.18
-726604.18
-726604.18
-726604.18
-726604.18
-726604.18
-726604.18
-726621.25
-726784.18
-727102.75
-727515.00
-727977.56
-728469.00
-728973.00
-729487.75
-730008.00
-730531.75
-731055.56
-731581.18
-732108.56
-732636.00
-733163.37
-733687.18
-734214.56
-734742.00
-735269.37
-735791.37
-736304.37
-736812.00
-737312.37
-737807.37
-738295.18
-738775.75
-739249.18
-739717.18
-740178.00
-740631.56
-741079.75
-741520.75
-741956.37
-742384.75
-742806.00
-743223.56
-743632.18
-744035.37
-744433.18
-744823.75
-745209.00
-745587.00
-745959.56
-746325.00
-746685.87
-747039.56
-747388.75
-747730.75
-748067.37
-748396.75
-748721.68
-749039.37
-749352.56
-749659.50
-749961.00
-750256.18
-750545.06
-750828.56
-751107.56
-751379.37
-751645.75
-751906.75
-752162.37
-752412.56
-752657.37
-752896.75
-753129.00
-753357.56
-753579.87
-753796.75
-754009.18
-754214.37
-754416.00
-754612.18
-754803.00
-754987.50
-755168.37
-755343.00
-755512.18
-755676.00
-755836.18
-755989.18
-756138.56
-756282.56
-756421.18
-756556.18
-756684.87
-756808.18
-756927.87
-757042.18
-757152.00
-757256.37
-757355.37
-757450.75
-757540.75
-757627.18
-757708.18
-757784.68
-757855.75
-757924.18
-757987.18
-758046.56
-758100.56
-758151.00
-758196.00
-758239.18
-758277.00
-758311.18
-758340.00
-758363.37
-758383.18
-758402.06
-758415.56
-758428.18
-758434.50
-758433.56
-758429.06
-758426.37
-758426.37
-758426.37
-758426.37
-758426.37
-758426.37
-758426.37
-758426.37
-758426.37
-758426.37
-758426.37
-758426.37
-758426.37
-758426.37
-758426.37
-758426.37
-758426.37
-758426.37
-758426.37
-758426.37
-758426.37
-758426.37
-758426.37
-758426.37
-758426.37
-758426.37
-758433.56
-758565.87
-758862.00
-759263.37
-759718.75
-760206.56
-760710.56
-761223.56
-761743.75
-762265.75
-762791.37
-763317.00
-763842.56
-764370.00
-764897.37
-765424.75
-765952.18
-766479.56
-767008.75
-767536.18
-768060.00
-768578.37
-769089.56
-769595.37
-770092.18
-770583.56
-771067.75
-771546.56
-772016.37
-772482.56
-772939.75
-773391.56
-773836.18
-774275.37
-774707.37
-775132.18
-775553.37
-775965.56
-776372.37
-776773.75
-777168.00
-777556.75
-777938.37
-778314.56
-778685.37
-779049.00
-779407.18
-779758.18
-780104.68
-780444.00
-780778.75
-781106.37
-781428.56
-781745.37
-782055.00
-782359.18
-782658.00
-782951.37
-783239.37
-783520.18
-783797.37
-784067.37
-784332.00
-784591.18
-784845.00
-785091.56
-785334.56
-785571.25
-785802.56
-786029.37
-786249.00
-786465.00
-786673.75
-786879.00
-787077.00
-787271.37
-787460.37
-787643.06
-787820.37
-787993.18
-788161.50
-788324.37
-788481.00
-788634.00
-788780.68
-788923.75
-789060.56
-789192.00
-789319.75
-789442.18
-789559.18
-789670.75
-789778.75
-789881.37
-789980.37
-790074.00
-790162.18
-790245.87
-790326.00
-790400.68
-790471.75
-790537.50
-790598.68
-790657.18
-790709.37
-790758.00
-790803.00
-790844.37
-790880.37
-790911.00
-790938.00
-790961.37
-790983.00
-791000.06
-791015.37
-791024.37
-791028.87
-791028.00
-791028.00
-791028.00
-791028.00
-791028.00
-791028.00
-791028.00
-791028.00
-791028.00
-791028.00
-791028.00
-791028.00
-791028.00
-791028.00
-791028.00
-791028.00
-791028.00
-791028.00
-791028.00
-791028.00
-791028.00
-791028.00
-791028.00
-791028.00
-791028.00
-791028.00
-791028.00
-791028.00
-791028.00
-791028.00
-791028.00
-791028.00
-791028.00
-791028.00
-791028.00
-791028.00
-791062.18
-791254.75
-791595.00
-792019.75
-792487.75
-792982.75
-793490.37
-794005.18
-794527.18
-795049.18
-795574.75
-796100.37
-796626.00
-797153.37
-797680.75
-798208.18
-798735.56
-799263.00
-799783.18
-800296.18
-800803.75
-801302.37
-801795.56
-802281.56
-802760.37
-803233.75
-803700.00
-804160.75
-804614.37
-805060.75
-805501.75
-805935.56
-806362.18
-806783.37
-807199.18
-807607.75
-808009.18
-808405.18
-808795.75
-809179.18
-809557.18
-809928.00
-810293.37
-810653.37
-811006.18
-811353.56
-811695.56
-812030.37
-812359.75
-812683.75
-813000.56
-813312.00
-813618.00
-813918.56
-814212.87
-814501.75
-814784.37
-815061.56
-815333.37
-815599.75
-815859.00
-816113.68
-816363.00
-816606.00
-816843.56
-817077.56
-817304.37
-817525.75
-817741.75
-817952.37
-818157.56
-818358.25
-818553.56
-818742.56
-818927.06
-819106.18
-819279.87
-819448.18
-819612.00
-819770.37
-819923.37
-820071.87
-820215.00
-820353.56
-820486.75
-820614.56
-820738.75
-820856.68
-820971.00
-821079.00
-821183.37
-821282.37
-821376.00
-821466.00
-821551.50
-821632.50
-821709.00
-821780.06
-821847.56
-821909.68
-821968.18
-822023.06
-822072.56
-822117.56
-822159.87
-822196.75
-822229.18
-822258.00
-822283.18
-822304.75
-822322.75
-822339.00
-822348.87
-822353.37
-822354.25
-822354.25
-822354.25
-822354.25
-822354.25
-822354.25
-822354.25
-822354.25
-822354.25
-822354.25
-822354.25
-822354.25
-822354.25
-822354.25
-822354.25
-822354
