487.00
501.00
516.00
530.00
544.00
560.00
574.00
588.00
603.00
618.00
633.00
650.00
666.00
684.00
700.00
717.00
735.00
753.00
771.00
788.00
805.00
824.00
841.00
859.00
876.00
894.00
912.00
929.00
948.00
965.00
983.00
1000.00
1019.00
1038.00
1056.00
1075.00
1094.00
1113.00
1131.00
1150.00
1169.00
1187.00
1206.00
1225.00
1244.00
1262.00
1282.00
1300.00
1318.00
1337.00
1356.00
1375.00
1393.00
1413.00
1431.00
1449.00
1468.00
1487.00
1506.00
1524.00
1543.00
1562.00
1581.00
1599.00
1618.00
1637.00
1655.00
1674.00
1693.00
1712.00
1730.00
1750.00
1768.00
1786.00
1805.00
1824.00
1843.00
1861.00
1881.00
1899.00
1917.00
1936.00
1955.00
1974.00
1992.00
2012.00
2030.00
2049.00
2067.00
2086.00
2105.00
2123.00
2143.00
2161.00
2180.00
2198.00
2217.00
2236.00
2254.00
2273.00
2292.00
2311.00
2329.00
2349.00
2367.00
2385.00
2404.00
2423.00
2442.00
2460.00
2480.00
2498.00
2516.00
2535.00
2554.00
2573.00
2591.00
2611.00
2629.00
2648.00
2666.00
2685.00
2704.00
2722.00
2742.00
2760.00
2779.00
2797.00
2817.00
2835.00
2853.00
2872.00
2891.00
2910.00
2928.00
2948.00
2966.00
2984.00
3003.00
3022.00
3041.00
3059.00
3079.00
3097.00
3116.00
3134.00
3153.00
3172.00
3190.00
3210.00
3228.00
3247.00
3265.00
3284.00
3303.00