0.00
0.00
0.00
0.00
0.00
0.00
0.00
0.00
0.00
3.14
21.99
39.73
60.87
69.81
100.14
121.04
130.90
150.97
170.17
197.74
216.22
209.99
252.25
255.69
288.29
287.98
303.69
339.11
319.95
373.30
368.26
406.56
401.79
417.50
459.02
450.57
466.28
482.81
525.34
515.88
529.11
575.96
560.53
575.41
588.64
640.54
590.62
668.46
687.66
666.35
680.40
695.29
748.75
684.87
768.82
770.56
732.49
732.49
734.14
774.92
732.49
734.14
732.49
775.80
730.01
734.14
773.18
734.14
734.14
734.14
770.57
697.43
774.93
770.56
728.36
733.32
734.14
774.93
697.43
773.18
767.94
734.14
732.49
729.18
774.93
694.29
774.92
734.14
771.43
734.14
734.14
774.93
694.29
771.43
730.01
775.80
734.14
734.14
774.05
734.14
734.97
734.14
771.43
694.29
774.93
771.43
734.14
734.14
734.14
774.92
697.44
774.93
774.92
734.14
734.15
730.82
774.94
697.44
774.92
734.14
771.44
734.14
734.14
771.44
697.43
771.44
730.83
774.92
697.44
771.44
774.92
730.83
734.14
734.14
774.92
697.44
774.92
774.94
734.14
734.14
734.14
773.18
695.87
771.43
734.14
773.18
734.14
734.14
774.92
697.44
775.80
733.31
774.92
734.14
734.97
775.80